time	derivative
1445261400000	512.8
1445261460000	1978.74
1445261520000	65.18
1445261580000	663.82
1445261640000	2039.4888888888888
1445261700000	1412.48
1445261760000	28.02
1445261820000	33.08
1445261880000	30.52
1445261940000	29.363636363636363
1445262000000	136.32
1445262060000	211.66
1445262120000	233.62
1445262180000	262.94
1445262240000	273.6666666666667
1445262300000	247.86
1445262360000	238.44
1445262420000	256.54
1445262480000	230.16
1445262540000	294.45454545454544
1445262600000	222.24
1445262660000	283.76
1445262720000	279.66
1445262780000	249.7
1445262840000	292.08
1445262900000	902.5
1445262960000	1336.98
1445263020000	1450.18
1445263080000	1416.8909090909092
1445263140000	1644.22
1445263200000	1434.66
1445263260000	1351.78
1445263320000	1515.22
1445263380000	1522.55
1445263440000	1237.24
1445263500000	1344.36
1445263560000	1637.68
1445263620000	1727.0181818181818
1445263680000	1763.98
1445263740000	1670.42
1445263800000	1197.24
1445263860000	1390.5
1445263920000	1477.14
1445263980000	1507.56
1445264040000	1669.42
1445264100000	1578.1090909090908
1445264160000	1447.68
1445264220000	1642.92
1445264280000	1338.36
1445264340000	1408.04
1445264400000	1128.425
1445264460000	1471.68
1445264520000	1658.14
1445264580000	1618.24
1445264640000	1447.5
1445264700000	1696.46
1445264760000	1359.42
1445264820000	1417.1
1445264880000	1340.64
1445264940000	1455.4444444444443
1445265000000	1058.76
1445265060000	1512.46
1445265120000	1226.28
1445265180000	1337.02
1445265240000	1267.3818181818183
1445265300000	1488.32
1445265360000	1452.42
1445265420000	1812.38
1445265480000	1481.56
1445265540000	1797.3555555555556
1445265600000	1644.32
1445265660000	1861.58
1445265720000	1607.76
1445265780000	1766.84
1445265840000	1411.86
1445265900000	1266.22
1445265960000	1681.42
1445266020000	1461.9
1445266080000	1686.4
1445266140000	1932.22
1445266200000	1421.52
1445266260000	1647.42
1445266320000	1409.54
1445266380000	1314.9454545454546
1445266440000	1384.54
1445266500000	1218.44
1445266560000	1716.7
1445266620000	1684.52
1445266680000	1586.475
1445266740000	1321.42
1445266800000	1412.42
1445266860000	1273.4
1445266920000	1535.0181818181818
1445266980000	1502.48
1445267040000	1809.32
1445267100000	1288.62
1445267160000	1261.96
1445267220000	1177.8
1445267280000	1120.28
1445267340000	381.62
1445267400000	898.1
1445267460000	2034.12
1445267520000	1944.14
1445267580000	1774.38
1445267640000	1443.32
1445267700000	1227.92
1445267760000	1613.9333333333334
1445267820000	1276.16
1445267880000	1489.32
1445267940000	1470.64
1445268000000	1586.88
1445268060000	1542.3636363636363
1445268120000	1706.56
1445268180000	1307.1
1445268240000	1417.48
1445268300000	1339.64
1445268360000	1305.95
1445268420000	1322.52
1445268480000	1459.08
1445268540000	1173.92
1445268600000	1491.2545454545455
1445268660000	1488.6
1445268720000	1120.8
1445268780000	1497.98
1445268840000	1549.46
1445268900000	1737.9333333333334
1445268960000	35.34
1445269020000	42.02
1445269080000	34.38
1445269140000	35.18
1445269200000	403.96363636363634
1445269260000	805.22
1445269320000	772.14
1445269380000	812.8
1445269440000	1801.02
1445269500000	1706.111111111111
1445269560000	1492.84
1445269620000	1423.26
1445269680000	1670.64
1445269740000	1377.24
1445269800000	1712.9636363636364
1445269860000	1739.86
1445269920000	1489.92
1445269980000	1544.76
1445270040000	1421.4222222222222
1445270100000	1335.74
1445270160000	1496.52
1445270220000	1461.86
1445270280000	1711.1
1445270340000	1664.2545454545455
1445270400000	1781.16
1445270460000	1641.8
1445270520000	1329.78
1445270580000	1276.3
1445270640000	1453.15
1445270700000	1444.5
1445270760000	1455.88
1445270820000	1541
1445270880000	1627.4363636363637
1445270940000	1646.08
1445271000000	1222.06
1445271060000	1687.46
1445271120000	1300.14
1445271180000	1351.425
1445271240000	1661.02
1445271300000	1534.1
1445271360000	1585.88
1445271420000	1336.44
1445271480000	1286.3090909090909
1445271540000	1501.72
1445271600000	1282.42
1445271660000	1371.88
1445271720000	1569.36
1445271780000	1744.125
1445271840000	1651.64
1445271900000	1636.62
1445271960000	1246.84
1445272020000	1476.92
1445272080000	1565.38
1445272140000	1571.98
1445272200000	1295.96
1445272260000	1474.86
1445272320000	1264.2222222222222
1445272380000	1451.44
1445272440000	1388.86
1445272500000	1907.6
1445272560000	1547.8
1445272620000	1882.581818181818
1445272680000	978.62
1445272740000	767.04
1445272800000	951.16
1445272860000	967.38
1445272920000	944.7555555555556
1445272980000	580.26
1445273040000	586.06
1445273100000	646.84
1445273160000	559.08
1445273220000	1486.66
1445273280000	1799.52
1445273340000	1618.94
1445273400000	1800.1
1445273460000	1606.7777777777778
1445273520000	1239.64
1445273580000	1288.4
1445273640000	1466.42
1445273700000	1678.18
1445273760000	1520.6727272727273
1445273820000	1765.54
1445273880000	1850.12
1445273940000	1632.86
1445274000000	1572.04
1445274060000	1793.325
1445274120000	1658.44
1445274180000	1732.1
1445274240000	1580.66
1445274300000	1594.4545454545455
1445274360000	1257.66
1445274420000	1332.92
1445274480000	1075.88
1445274540000	36.66
1445274600000	853.5777777777778
1445274660000	1329.82
1445274720000	2132.76
1445274780000	2314.56
1445274840000	1443.36
1445274900000	1493.3636363636363
1445274960000	1656.96
1445275020000	1646.44
1445275080000	1593.6
1445275140000	1668.2
1445275200000	1785.7111111111112
1445275260000	1997.38
1445275320000	1816.06
1445275380000	1396
1445275440000	1450.509090909091
1445275500000	1431.36
1445275560000	1542.74
1445275620000	1583.04
1445275680000	1610.84
1445275740000	1627.8222222222223
1445275800000	1438
1445275860000	1485.6
1445275920000	1600.96
1445275980000	1577.16
1445276040000	1455.0181818181818
1445276100000	1383.36
1445276160000	309.52
1445276220000	33.5
1445276280000	33.93333333333333
1445276340000	35.22
1445276400000	576.84
1445276460000	1205.02
1445276520000	1886.08
1445276580000	2204.5636363636363
1445276640000	2114.44
1445276700000	1952.92
1445276760000	1554.64
1445276820000	1613.84
1445276880000	1373.5333333333333
1445276940000	1576.24
1445277000000	1592.62
1445277060000	1723.34
1445277120000	1816.5272727272727
1445277180000	2097
1445277240000	1654.42
1445277300000	1466.48
1445277360000	1447.54
1445277420000	1720.9555555555555
1445277480000	1591.54
1445277540000	1569.3
1445277600000	1646.02
1445277660000	2193.06
1445277720000	1767.0181818181818
1445277780000	1581.8
1445277840000	1541.94
1445277900000	1560.04
1445277960000	1857.175
1445278020000	1783.14
1445278080000	1594.98
1445278140000	2103.46
1445278200000	2039.3
1445278260000	1777.709090909091
1445278320000	1760.54
1445278380000	1462.4
1445278440000	1598.88
1445278500000	1587.9
1445278560000	1857.2
1445278620000	1560.9
1445278680000	2186.68
1445278740000	1779.18
1445278800000	1674.24
1445278860000	1659.22
1445278920000	1721.68
1445278980000	1637.86
1445279040000	1907.28
1445279100000	1676.7111111111112
1445279160000	1538.18
1445279220000	1610.96
1445279280000	1624.46
1445279340000	1543.06
1445279400000	1557.6
1445279460000	1482.68
1445279520000	1652.64
1445279580000	1738.62
1445279640000	1662.06
1445279700000	2109.733333333333
1445279760000	2018.84
1445279820000	1946.42
1445279880000	1973.38
1445279940000	1984.3090909090909
1445280000000	2243.22
1445280060000	2318.64
1445280120000	2234.72
1445280180000	1709.68
1445280240000	1847.0444444444445
1445280300000	1811.22
1445280360000	1745.92
1445280420000	2099.22
1445280480000	1787.1
1445280540000	1863.2181818181818
1445280600000	2206.22
1445280660000	2106.72
1445280720000	1594.4
1445280780000	1782.64
1445280840000	1829.125
1445280900000	1817.32
1445280960000	2007.04
1445281020000	1971.12
1445281080000	2185.5272727272727
1445281140000	2043.56
1445281200000	1893.82
1445281260000	1609.32
1445281320000	1515.48
1445281380000	1713.6888888888889
1445281440000	2003.08
1445281500000	1582.68
1445281560000	1422.96
1445281620000	1220.48
1445281680000	1266.3636363636363
1445281740000	332.9
1445281800000	1519
1445281860000	2537.3
1445281920000	2578.925
1445281980000	2790.76
1445282040000	1537.92
1445282100000	1833.92
1445282160000	2028.82
1445282220000	2001.0545454545454
1445282280000	1775.84
1445282340000	1829.92
1445282400000	2091.24
1445282460000	1713.5
1445282520000	1984.088888888889
1445282580000	1584.62
1445282640000	1601.18
1445282700000	1602.8
1445282760000	1696.82
1445282820000	1547.46
1445282880000	1778.58
1445282940000	1769.9
1445283000000	1787.22
1445283060000	1550.6444444444444
1445283120000	1547.78
1445283180000	1579.66
1445283240000	1714.76
1445283300000	1547.18
1445283360000	34.981818181818184
1445283420000	35.22
1445283480000	34.6
1445283540000	35.18
1445283600000	958.7
1445283660000	1570.1
1445283720000	1578.04
1445283780000	1496.8
1445283840000	2192.06
1445283900000	2502.74
1445283960000	1749.1
1445284020000	1546.66
1445284080000	1853.38
1445284140000	1856.84
1445284200000	2026.2222222222222
1445284260000	2051.68
1445284320000	1926.42
1445284380000	2518.12
1445284440000	1740
1445284500000	1877.6181818181817
1445284560000	1892.08
1445284620000	1999.5
1445284680000	1610.56
1445284740000	2092.68
1445284800000	2221.675
1445284860000	2355.86
1445284920000	2094.38
1445284980000	1902.36
1445285040000	1966.7454545454545
1445285100000	1815.24
1445285160000	1941.5
1445285220000	1971.22
1445285280000	2212.4
1445285340000	2185.8444444444444
1445285400000	2189.56
1445285460000	1653.6
1445285520000	1838.4
1445285580000	1967.66
1445285640000	2034.24
1445285700000	1978.72
1445285760000	1955.32
1445285820000	1961.94
1445285880000	2585.711111111111
1445285940000	1846
1445286000000	1825.36
1445286060000	1878.74
1445286120000	2178
1445286180000	1893.06
1445286240000	1907.74
1445286300000	2156.54
1445286360000	1929.78
1445286420000	1770.1333333333334
1445286480000	1792.68
1445286540000	1739.04
1445286600000	1753.42
1445286660000	1799.72
1445286720000	1899.1090909090908
1445286780000	1733.46
1445286840000	1695.3
1445286900000	2351.84
1445286960000	2353.7
1445287020000	2219.7
1445287080000	2426.66
1445287140000	2552
1445287200000	2888.04
1445287260000	3231.2727272727275
1445287320000	2682.86
1445287380000	1965.88
1445287440000	1931.36
1445287500000	1840.02
1445287560000	1773.7333333333333
1445287620000	1976.6
1445287680000	2075.4
1445287740000	2454.84
1445287800000	2283.84
1445287860000	1887.6727272727273
1445287920000	1691.18
1445287980000	1789.58
1445288040000	1944.3
1445288100000	1900.98
1445288160000	1884.4
1445288220000	2127.18
1445288280000	2271.48
1445288340000	2361.74
1445288400000	1911.6909090909091
1445288460000	1675.52
1445288520000	1801.4
1445288580000	1763.36
1445288640000	2267.58
1445288700000	1600.0222222222221
1445288760000	1598.72
1445288820000	1379.42
1445288880000	1332.96
1445288940000	57.67272727272727
1445289000000	1587.2
1445289060000	2301.56
1445289120000	2265.02
1445289180000	1759.06
1445289240000	1012.1555555555556
1445289300000	1092.66
1445289360000	1514.28
1445289420000	2055.08
1445289480000	1929.34
1445289540000	2017.709090909091
1445289600000	2455.14
1445289660000	2338.44
1445289720000	2471.14
1445289780000	2015.16
1445289840000	1934.325
1445289900000	2107.04
1445289960000	1631.58
1445290020000	1958.62
1445290080000	1830.509090909091
1445290140000	1882.5
1445290200000	1911.86
1445290260000	1943
1445290320000	1942.72
1445290380000	1651.3333333333333
1445290440000	1960.28
1445290500000	1994.76
1445290560000	34.36
1445290620000	33.50909090909091
1445290680000	33.36
1445290740000	34.88
1445290800000	1023.4
1445290860000	2635.86
1445290920000	2841.688888888889
1445290980000	3087.54
1445291040000	2744.76
1445291100000	2847.04
1445291160000	1697.42
1445291220000	1907.6
1445291280000	1952.06
1445291340000	2235.98
1445291400000	2274.46
1445291460000	2144.6
1445291520000	2585.15
1445291580000	2782.82
1445291640000	2110.34
1445291700000	1954.56
1445291760000	1908.4545454545455
1445291820000	2229.6
1445291880000	2126.5
1445291940000	2078.84
1445292000000	2392.88
1445292060000	2717.8
1445292120000	2545.06
1445292180000	1912.98
1445292240000	1974.4
1445292300000	1960.9
1445292360000	2004.42
1445292420000	2498
1445292480000	2262.16
1445292540000	2756.68
1445292600000	2512.24
1445292660000	2002.45
1445292720000	2101.86
1445292780000	2412.88
1445292840000	1963.06
1445292900000	2228.2545454545457
1445292960000	2179.4
1445293020000	2328.66
1445293080000	2808.72
1445293140000	2269.8
1445293200000	2225.4444444444443
1445293260000	1978.3
1445293320000	2055.3
1445293380000	2219.66
1445293440000	2386
1445293500000	2350.84
1445293560000	1907.9
1445293620000	2195.9
1445293680000	1907.96
1445293740000	1932.5555555555557
1445293800000	1977.46
1445293860000	1872.58
1445293920000	1970.1
1445293980000	1997.2
1445294040000	2053.3818181818183
1445294100000	2465.96
1445294160000	2360.18
1445294220000	2504.68
1445294280000	2556.92
1445294340000	2567.725
1445294400000	2939.4
1445294460000	2964.9
1445294520000	3093.56
1445294580000	1927.090909090909
1445294640000	2319.7
1445294700000	1991.44
1445294760000	2167.4
1445294820000	2395.02
1445294880000	2293.222222222222
1445294940000	2621.98
1445295000000	2890.92
1445295060000	2393.42
1445295120000	1962.68
1445295180000	1910.92
1445295240000	1899.24
1445295300000	2203.88
1445295360000	2418.24
1445295420000	2225.3777777777777
1445295480000	2883.96
1445295540000	2939.14
1445295600000	2307.54
1445295660000	2063.2
1445295720000	2106.82
1445295780000	2066.12
1445295840000	2451.78
1445295900000	2047.86
1445295960000	1667.0222222222221
1445296020000	1590.26
1445296080000	1326.96
1445296140000	36.38
1445296200000	1856.1636363636364
1445296260000	2709.8
1445296320000	2832.02
1445296380000	2522.36
1445296440000	1833.62
1445296500000	1912.2666666666667
1445296560000	2318
1445296620000	2214.38
1445296680000	2215.26
1445296740000	2233.64
1445296800000	2800.309090909091
1445296860000	2405.62
1445296920000	2671.42
1445296980000	2195.66
1445297040000	1972.7111111111112
1445297100000	2211.64
1445297160000	2049.4
1445297220000	2116.92
1445297280000	2011.9
1445297340000	2014.9818181818182
1445297400000	2060.5
1445297460000	2011.98
1445297520000	2248.08
1445297580000	2031.38
1445297640000	2264.688888888889
1445297700000	2261.2
1445297760000	982.86
1445297820000	34.94
1445297880000	34.34
1445297940000	33.46
1445298000000	1812.46
1445298060000	3357.1
1445298120000	3395.3
1445298180000	3175.9333333333334
1445298240000	3374.28
1445298300000	3217.52
1445298360000	2258.04
1445298420000	2015.22
1445298480000	2333.2909090909093
1445298540000	2449.78
1445298600000	2395.52
1445298660000	2501.88
1445298720000	2633.04
1445298780000	3161.9777777777776
1445298840000	2269.46
1445298900000	2140.58
1445298960000	2069.92
1445299020000	2559.490909090909
1445299080000	2149.18
1445299140000	2424.68
1445299200000	2629.14
1445299260000	2887.56
1445299320000	2752.4222222222224
1445299380000	2096.52
1445299440000	2270.8
1445299500000	2315.12
1445299560000	2396.52
1445299620000	2324.34
1445299680000	2345.4
1445299740000	3092.94
1445299800000	3138.7
1445299860000	2507.1
1445299920000	2485.78
1445299980000	2360.2
1445300040000	1876.72
1445300100000	2574.64
1445300160000	2264.2181818181816
1445300220000	2435.52
1445300280000	2983.08
1445300340000	3227.02
1445300400000	2050.92
1445300460000	2274.9333333333334
1445300520000	2013.44
1445300580000	2341.22
1445300640000	2118.26
1445300700000	2430.927272727273
1445300760000	1935.56
1445300820000	2202.92
1445300880000	2136.72
1445300940000	2270.54
1445301000000	1938.4666666666667
1445301060000	2272.32
1445301120000	2136.84
1445301180000	2058.7
1445301240000	2025.2
1445301300000	2653.327272727273
1445301360000	2788.62
1445301420000	2910.52
1445301480000	2801.94
1445301540000	2923.4444444444443
1445301600000	3234.12
1445301660000	3472.78
1445301720000	3085.72
1445301780000	2482.02
1445301840000	2242.9636363636364
1445301900000	2299
1445301960000	2290.62
1445302020000	2552.06
1445302080000	2671.76
1445302140000	2374.2
1445302200000	3500.6
1445302260000	3132.1
1445302320000	2226.06
1445302380000	2113.1
1445302440000	2464.018181818182
1445302500000	2094.38
1445302560000	2929.1
1445302620000	2487.74
1445302680000	2890.911111111111
1445302740000	3511.7
1445302800000	2625.74
1445302860000	2395.22
1445302920000	2535.64
1445302980000	2015.490909090909
1445303040000	2514.12
1445303100000	2115.34
1445303160000	1546.88
1445303220000	1396.75
1445303280000	1670.7
1445303340000	240.76
1445303400000	1605.5
1445303460000	3491.94
1445303520000	3676.2363636363634
1445303580000	4112.16
1445303640000	1919.2
1445303700000	1938.94
1445303760000	2216.72
1445303820000	2368.725
1445303880000	2306.2
1445303940000	2227.96
1445304000000	3155.94
1445304060000	2858.3818181818183
1445304120000	2813.46
1445304180000	3048.24
1445304240000	2082.46
1445304300000	2600.44
1445304360000	2128.311111111111
1445304420000	2120.12
1445304480000	2248.32
1445304540000	2157.1
1445304600000	2064.2
1445304660000	2311.54
1445304720000	2397.12
1445304780000	2337.16
1445304840000	2219.16
1445304900000	2467.222222222222
1445304960000	663.58
1445305020000	33.02
1445305080000	32.56
1445305140000	33.72
1445305200000	1295.4545454545455
1445305260000	2895.2
1445305320000	3568.26
1445305380000	3727
1445305440000	3629.1
1445305500000	3485.777777777778
1445305560000	2143.2
1445305620000	2223.8
1445305680000	2224.22
1445305740000	2212.52
1445305800000	2146.2727272727275
1445305860000	2771.7
1445305920000	2884.18
1445305980000	3395.7
1445306040000	3065.46
1445306100000	2565.925
1445306160000	2143.58
1445306220000	2505.14
1445306280000	2352.18
1445306340000	2624.9454545454546
1445306400000	2870.32
1445306460000	3094.88
1445306520000	3490.26
1445306580000	2565.5
1445306640000	2190.511111111111
1445306700000	2192.96
1445306760000	2584.92
1445306820000	2639.36
1445306880000	2316.78
1445306940000	2863.68
1445307000000	2921.96
1445307060000	3435.42
1445307120000	2208.86
1445307180000	2338.4444444444443
1445307240000	2422.28
1445307300000	2907.58
1445307360000	2544.04
1445307420000	2839.62
1445307480000	2838.7090909090907
1445307540000	3555.5
1445307600000	2731.34
1445307660000	2582.64
1445307720000	2309.76
1445307780000	2610.65
1445307840000	2404.44
1445307900000	2653.54
1445307960000	2277.86
1445308020000	2158.3636363636365
1445308080000	2205.64
1445308140000	2290.1
1445308200000	2143.9
1445308260000	2237.6
1445308320000	2267.1111111111113
1445308380000	2311
1445308440000	2471.54
1445308500000	3343.54
1445308560000	3181.62
1445308620000	3281.090909090909
1445308680000	2964.88
1445308740000	3277.66
1445308800000	3608.78
1445308860000	3762.8888888888887
1445308920000	3671.26
1445308980000	2508.7
1445309040000	2285.7
1445309100000	2602.22
1445309160000	2460.418181818182
1445309220000	2720.82
1445309280000	2610.76
1445309340000	2717.94
1445309400000	2908.46
1445309460000	3380.85
1445309520000	3148.48
1445309580000	2257.44
1445309640000	2363.56
1445309700000	2335.7636363636366
1445309760000	2562.44
1445309820000	2873.62
1445309880000	2433.1
1445309940000	3309.24
1445310000000	3112.9555555555557
1445310060000	3091.72
1445310120000	2624.2
1445310180000	2157.52
1445310240000	2422.690909090909
1445310300000	1995.1
1445310360000	1964.68
1445310420000	1668.72
1445310480000	1469.18
1445310540000	343.5111111111111
1445310600000	1582.52
1445310660000	3786.96
1445310720000	4173.5
1445310780000	4214.94
1445310840000	2063.56
1445310900000	2153.92
1445310960000	1467.9
1445311020000	980.1
1445311080000	1550.08
1445311140000	2513.72
1445311200000	2741.8444444444444
1445311260000	2912.3
1445311320000	3259.76
1445311380000	3217.6
1445311440000	3089.26
1445311500000	2149.3818181818183
1445311560000	2132.98
1445311620000	2394.38
1445311680000	2322.274509803922
1445311740000	2276.18
1445311800000	2221.3333333333335
1445311860000	2180.76
1445311920000	2135.66
1445311980000	2385.58
1445312040000	2271.68
1445312100000	2324.44
1445312160000	1862.3818181818183
1445312220000	1591.9
1445312280000	22.94
1445312340000	29.64
1445312400000	1290.52
1445312460000	2788.0444444444443
1445312520000	3133.94
1445312580000	3699.56
1445312640000	3471.66
1445312700000	3381.96
1445312760000	1912.0181818181818
1445312820000	2205.64
1445312880000	2383.24
1445312940000	2373.18
1445313000000	2194.76
1445313060000	2653.5777777777776
1445313120000	2499.72
1445313180000	2657.2
1445313240000	3273.64
1445313300000	2606.9454545454546
1445313360000	2149.42
1445313420000	1956.8
1445313480000	2404
1445313540000	2167.88
1445313600000	2273.94
1445313660000	1638.888888888889
1445313720000	1520.1
1445313780000	1771.9
1445313840000	1061.92
1445313900000	21.7
1445313960000	19.9
1445314020000	19.12727272727273
1445314080000	21.86
1445314140000	18.85
