time	derivative
1445261400000	65.64
1445261460000	1534.4
1445261520000	682.62
1445261580000	1160.58
1445261640000	909.7333333333333
1445261700000	1257.44
1445261760000	26.5
1445261820000	30.54
1445261880000	28.34
1445261940000	27.78181818181818
1445262000000	62.16
1445262060000	82.42
1445262120000	608.34
1445262180000	1452.22
1445262240000	1791.8222222222223
1445262300000	1878.24
1445262360000	1446.06
1445262420000	2017.36
1445262480000	1536.14
1445262540000	1610.709090909091
1445262600000	1377.92
1445262660000	1489.68
1445262720000	1667.78
1445262780000	1620.05
1445262840000	1588.52
1445262900000	1656.52
1445262960000	1469.72
1445263020000	1073.72
1445263080000	1149.6545454545455
1445263140000	1293.1
1445263200000	1506.18
1445263260000	1547.22
1445263320000	1601.04
1445263380000	1629.75
1445263440000	1751.88
1445263500000	1533
1445263560000	1368.84
1445263620000	1559.3090909090909
1445263680000	1607.1
1445263740000	1401.48
1445263800000	1416.38
1445263860000	1601.425
1445263920000	1475.84
1445263980000	962.16
1445264040000	81.24
1445264100000	100.50909090909092
1445264160000	99.9
1445264220000	886.86
1445264280000	1548.98
1445264340000	1663.14
1445264400000	1258.2
1445264460000	1431.06
1445264520000	1398.1
1445264580000	1227.16
1445264640000	1250.14
1445264700000	1364.48
1445264760000	1400.82
1445264820000	1471.34
1445264880000	1513.78
1445264940000	1517
1445265000000	1542.72
1445265060000	1386.84
1445265120000	1400.06
1445265180000	1060.76
1445265240000	1228.7272727272727
1445265300000	982
1445265360000	104.94
1445265420000	110.1
1445265480000	107.56
1445265540000	1173
1445265600000	1200.46
1445265660000	1375.52
1445265720000	1048.3
1445265780000	1398.64
1445265840000	1395.62
1445265900000	1347.98
1445265960000	1390.04
1445266020000	1257
1445266080000	1023.8
1445266140000	1139.82
1445266200000	1585.84
1445266260000	1511.36
1445266320000	1320.98
1445266380000	1349.909090909091
1445266440000	1441.4
1445266500000	1257.42
1445266560000	1682.22
1445266620000	1336.16
1445266680000	1374.35
1445266740000	1261.2
1445266800000	1570.98
1445266860000	1192.56
1445266920000	1493.3454545454545
1445266980000	1338.66
1445267040000	1419.58
1445267100000	1152.62
1445267160000	1595.78
1445267220000	1792.7555555555555
1445267280000	1354.76
1445267340000	387.64
1445267400000	666.92
1445267460000	1263.32
1445267520000	1335.74
1445267580000	1240.2
1445267640000	1268.72
1445267700000	1409.98
1445267760000	1340.9333333333334
1445267820000	1269.14
1445267880000	1143
1445267940000	1444.04
1445268000000	1447.3
1445268060000	1300.8
1445268120000	1291.46
1445268180000	1265
1445268240000	1073.46
1445268300000	1412.1
1445268360000	1799.175
1445268420000	1525.72
1445268480000	1423.96
1445268540000	1724.9
1445268600000	1575.6
1445268660000	1503.54
1445268720000	1921.72
1445268780000	1265.32
1445268840000	1726.18
1445268900000	1170.9777777777779
1445268960000	31.86
1445269020000	31.4
1445269080000	31.24
1445269140000	31.52
1445269200000	69.47272727272727
1445269260000	164.08
1445269320000	1121.2
1445269380000	1172
1445269440000	1071.72
1445269500000	954.4
1445269560000	1100.62
1445269620000	1339.32
1445269680000	1156.8
1445269740000	1166.22
1445269800000	1382.490909090909
1445269860000	1245.34
1445269920000	1153
1445269980000	1251.92
1445270040000	1506.5555555555557
1445270100000	1332.7
1445270160000	1239.22
1445270220000	1169.56
1445270280000	1484.2
1445270340000	1373.8181818181818
1445270400000	1243.22
1445270460000	1442.22
1445270520000	1216.06
1445270580000	1823.2
1445270640000	968.625
1445270700000	1475.62
1445270760000	1092.28
1445270820000	1195.04
1445270880000	1170.1454545454546
1445270940000	1378.44
1445271000000	1300.56
1445271060000	1125.94
1445271120000	1281.58
1445271180000	1287.725
1445271240000	1193.68
1445271300000	1642.98
1445271360000	1201.68
1445271420000	1071.48
1445271480000	1208.8909090909092
1445271540000	1078.56
1445271600000	1421.32
1445271660000	1494.5
1445271720000	1542.02
1445271780000	1354.525
1445271840000	1389.58
1445271900000	1303.04
1445271960000	1411.8
1445272020000	1064.68
1445272080000	1100.22
1445272140000	1199.16
1445272200000	1322.44
1445272260000	1334.16
1445272320000	1159.6222222222223
1445272380000	869.2
1445272440000	1601.04
1445272500000	1426.58
1445272560000	1047.68
1445272620000	1599.0727272727272
1445272680000	1299.76
1445272740000	1201.94
1445272800000	1083.2
1445272860000	1252.28
1445272920000	1007.5333333333333
1445272980000	1096.42
1445273040000	1397.28
1445273100000	1198.86
1445273160000	1451.12
1445273220000	1418.86
1445273280000	1199.08
1445273340000	945.86
1445273400000	1242.9
1445273460000	1147.5777777777778
1445273520000	1076.86
1445273580000	1546.04
1445273640000	1219.94
1445273700000	1383.36
1445273760000	1179.6727272727273
1445273820000	1097.94
1445273880000	1229.26
1445273940000	1131.16
1445274000000	1012.8
1445274060000	1120.8
1445274120000	1395.74
1445274180000	1542.38
1445274240000	1282.3
1445274300000	1257.2545454545455
1445274360000	1734.42
1445274420000	1250.04
1445274480000	1274.78
1445274540000	32.2
1445274600000	69.22222222222223
1445274660000	277.7
1445274720000	1483.22
1445274780000	1136.96
1445274840000	1416.72
1445274900000	1374.9636363636364
1445274960000	1321.04
1445275020000	1044.7
1445275080000	1177.92
1445275140000	1215.76
1445275200000	1203
1445275260000	1219.14
1445275320000	1071.1
1445275380000	1563.68
1445275440000	1292.581818181818
1445275500000	1332.52
1445275560000	1090.16
1445275620000	1011.34
1445275680000	1364.26
1445275740000	1206.911111111111
1445275800000	1061.72
1445275860000	943.8
1445275920000	1047.96
1445275980000	1145.16
1445276040000	1217.2545454545455
1445276100000	1181.98
1445276160000	241.12
1445276220000	30.2
1445276280000	29.266666666666666
1445276340000	31.46
1445276400000	68.36
1445276460000	99.38
1445276520000	102.74
1445276580000	1787.3272727272727
1445276640000	1304.46
1445276700000	1119.58
1445276760000	1256.42
1445276820000	1354.4
1445276880000	1573.2444444444445
1445276940000	1456.28
1445277000000	1369.38
1445277060000	1067.16
1445277120000	1186.1454545454546
1445277180000	1409.56
1445277240000	1236.46
1445277300000	1220.84
1445277360000	1530.88
1445277420000	884.5777777777778
1445277480000	1083.46
1445277540000	1008.46
1445277600000	1561.7
1445277660000	1099.64
1445277720000	1133.9272727272728
1445277780000	1390.2
1445277840000	1124.1
1445277900000	1601.68
1445277960000	1121.975
1445278020000	1213.98
1445278080000	1518.18
1445278140000	1209.5
1445278200000	1321.88
1445278260000	1099.2727272727273
1445278320000	1027.04
1445278380000	1164.88
1445278440000	1058.94
1445278500000	1441.34
1445278560000	990.0444444444445
1445278620000	1134.58
1445278680000	1286.74
1445278740000	1357.88
1445278800000	1136.76
1445278860000	1215.32
1445278920000	1012.2
1445278980000	1271.16
1445279040000	1104.76
1445279100000	1169.2222222222222
1445279160000	1255.46
1445279220000	1135.16
1445279280000	989.7
1445279340000	1590.66
1445279400000	961.7454545454545
1445279460000	1236.38
1445279520000	1229.66
1445279580000	1244.12
1445279640000	1149
1445279700000	1173.911111111111
1445279760000	1105.8
1445279820000	1127.4
1445279880000	1167.84
1445279940000	1372.3818181818183
1445280000000	1298.9
1445280060000	888.7
1445280120000	1304.12
1445280180000	1241.86
1445280240000	1313.3555555555556
1445280300000	1014.62
1445280360000	1200.38
1445280420000	1165.12
1445280480000	1335.42
1445280540000	1154.6727272727273
1445280600000	1436.18
1445280660000	1325.1
1445280720000	997.4
1445280780000	1161.26
1445280840000	1079.05
1445280900000	1142.76
1445280960000	1305.32
1445281020000	1145.86
1445281080000	1463.2545454545455
1445281140000	1209.84
1445281200000	1217
1445281260000	1375.52
1445281320000	1268.54
1445281380000	1338.4666666666667
1445281440000	1572.92
1445281500000	1256.4
1445281560000	1139.82
1445281620000	1194.98
1445281680000	1168.6181818181817
1445281740000	486.22
1445281800000	74.32
1445281860000	100.82
1445281920000	101.375
1445281980000	383.18
1445282040000	1282.76
1445282100000	1307.16
1445282160000	1147.26
1445282220000	1275.7818181818182
1445282280000	1035.02
1445282340000	102.56
1445282400000	100.16
1445282460000	274.98
1445282520000	1003.0666666666667
1445282580000	1387.58
1445282640000	1085.02
1445282700000	721.8
1445282760000	1412.18
1445282820000	1450.32
1445282880000	1558.92
1445282940000	1032.44
1445283000000	1226.26
1445283060000	1262.0222222222221
1445283120000	938.48
1445283180000	1327.66
1445283240000	1052.24
1445283300000	1106.02
1445283360000	32.36363636363637
1445283420000	31.66
1445283480000	30.74
1445283540000	31.98
1445283600000	72.94
1445283660000	100.85
1445283720000	102.4
1445283780000	101.4
1445283840000	100.88
1445283900000	106.68
1445283960000	109.56
1445284020000	1079.8
1445284080000	1538.3
1445284140000	1200.3
1445284200000	1037.6
1445284260000	1154.2
1445284320000	1345.96
1445284380000	1094.4
1445284440000	1127.06
1445284500000	1213.6
1445284560000	1164.44
1445284620000	1123.7
1445284680000	1175.28
1445284740000	1210.02
1445284800000	1317.975
1445284860000	1414.46
1445284920000	950.8
1445284980000	1273.12
1445285040000	1326.6363636363637
1445285100000	1273.36
1445285160000	1130.36
1445285220000	1000.42
1445285280000	979.7
1445285340000	1192.0444444444445
1445285400000	1358.32
1445285460000	1189.48
1445285520000	1217.8
1445285580000	1183.12
1445285640000	1245.9
1445285700000	1328.22
1445285760000	1081.2
1445285820000	1118.6
1445285880000	1031.0222222222221
1445285940000	1147.46
1445286000000	1285.94
1445286060000	1323.6
1445286120000	1091.2363636363636
1445286180000	1150.72
1445286240000	1002.74
1445286300000	1130.08
1445286360000	1413.7
1445286420000	1273.5777777777778
1445286480000	878.32
1445286540000	1132.58
1445286600000	953.32
1445286660000	1267.4
1445286720000	1236.8181818181818
1445286780000	1104.32
1445286840000	1100.76
1445286900000	1244.94
1445286960000	1046.42
1445287020000	1184.1
1445287080000	774.64
1445287140000	1086.24
1445287200000	1086.12
1445287260000	976.6
1445287320000	1206.66
1445287380000	1586.62
1445287440000	1322.5
1445287500000	1073.08
1445287560000	1630.6888888888889
1445287620000	1085.64
1445287680000	1439.92
1445287740000	1025
1445287800000	979.48
1445287860000	1247.4363636363637
1445287920000	1213.5
1445287980000	1407.16
1445288040000	1085.92
1445288100000	1292.08
1445288160000	1076.7777777777778
1445288220000	1152.56
1445288280000	897.22
1445288340000	1322.14
1445288400000	1107.8909090909092
1445288460000	924.86
1445288520000	1060.18
1445288580000	1041.34
1445288640000	1086.98
1445288700000	1173.911111111111
1445288760000	1511.36
1445288820000	1370.16
1445288880000	1310.9
1445288940000	32.2
1445289000000	73.98
1445289060000	107.58
1445289120000	106.06
1445289180000	112.5
1445289240000	106.68888888888888
1445289300000	107.92
1445289360000	858.08
1445289420000	1214.74
1445289480000	938.4
1445289540000	1134.4363636363637
1445289600000	1180.72
1445289660000	1318.3
1445289720000	1212.12
1445289780000	1468.6
1445289840000	1126.45
1445289900000	1056.18
1445289960000	1616.42
1445290020000	1118.88
1445290080000	1039.3818181818183
1445290140000	1521.62
1445290200000	1286.06
1445290260000	942.02
1445290320000	1163.2
1445290380000	1183.6888888888889
1445290440000	1205.58
1445290500000	1209.16
1445290560000	33.24
1445290620000	32.981818181818184
1445290680000	32.54
1445290740000	31.96
1445290800000	69.4
1445290860000	102.3
1445290920000	99.55555555555556
1445290980000	95.04
1445291040000	113.64
1445291100000	107.74
1445291160000	105.4
1445291220000	103.56363636363636
1445291280000	103.4
1445291340000	97.5
1445291400000	1217.36
1445291460000	1120.72
1445291520000	1491.625
1445291580000	1426.24
1445291640000	1220.22
1445291700000	1110.88
1445291760000	1216.6181818181817
1445291820000	1311.34
1445291880000	1237.04
1445291940000	1241.18
1445292000000	1010.1
1445292060000	1093.4888888888888
1445292120000	1293.16
1445292180000	1515.32
1445292240000	885.96
1445292300000	1152.94
1445292360000	1209.84
1445292420000	1427.52
1445292480000	1294.34
1445292540000	1544.6
1445292600000	1028.24
1445292660000	839.6
1445292720000	1192.7
1445292780000	1226.1
1445292840000	899.64
1445292900000	1073.2363636363636
1445292960000	1108
1445293020000	1446.14
1445293080000	1323.8
1445293140000	1139.86
1445293200000	1354.6444444444444
1445293260000	1135.86
1445293320000	1201.18
1445293380000	1315.88
1445293440000	1141.3454545454545
1445293500000	1103.98
1445293560000	982.18
1445293620000	1031
1445293680000	1040.72
1445293740000	1130
1445293800000	959.14
1445293860000	970.36
1445293920000	1094.44
1445293980000	1118.72
1445294040000	1242.709090909091
1445294100000	938.22
1445294160000	1088
1445294220000	1023.16
1445294280000	1293.26
1445294340000	1092.425
1445294400000	1116.2
1445294460000	1226.3
1445294520000	1157.24
1445294580000	1368.9636363636364
1445294640000	1320.98
1445294700000	1039.4
1445294760000	1122.44
1445294820000	1073.04
1445294880000	1050.5555555555557
1445294940000	1557
1445295000000	1149.54
1445295060000	1331.42
1445295120000	1494.5
1445295180000	1147.28
1445295240000	945.68
1445295300000	1083.46
1445295360000	1049.42
1445295420000	954.7111111111111
1445295480000	1109.62
1445295540000	1312.12
1445295600000	1216.96
1445295660000	1085.418181818182
1445295720000	1017.68
1445295780000	1103.46
1445295840000	1194.22
1445295900000	1325.68
1445295960000	1114.088888888889
1445296020000	1303.14
1445296080000	1014.86
1445296140000	31.8
1445296200000	60.41818181818182
1445296260000	93.8
1445296320000	94.28
1445296380000	95.6
1445296440000	101.64
1445296500000	944.2888888888889
1445296560000	1160.2
1445296620000	1100.54
1445296680000	1184.94
1445296740000	1165.28
1445296800000	1202
1445296860000	890.6
1445296920000	1123.06
1445296980000	896.58
1445297040000	956.1777777777778
1445297100000	1036.2
1445297160000	981.94
1445297220000	1150.12
1445297280000	1156.74
1445297340000	1054.3090909090909
1445297400000	1239.84
1445297460000	818.58
1445297520000	1262.62
1445297580000	1454.92
1445297640000	946.5111111111111
1445297700000	954.3
1445297760000	683.32
1445297820000	31.9
1445297880000	31.76
1445297940000	31.7
1445298000000	67.24
1445298060000	104.14
1445298120000	107.42
1445298180000	104.2
1445298240000	684.42
1445298300000	1191.02
1445298360000	1177.22
1445298420000	1048.42
1445298480000	1065.418181818182
1445298540000	1180.86
1445298600000	1059.5
1445298660000	1152.7
1445298720000	1229.72
1445298780000	1264.6888888888889
1445298840000	1067.94
1445298900000	1078.66
1445298960000	1300.1
1445299020000	993.6909090909091
1445299080000	950.48
1445299140000	1115.1
1445299200000	1000.86
1445299260000	1103.52
1445299320000	1026.8
1445299380000	940.42
1445299440000	1218.84
1445299500000	1017.06
1445299560000	1072.02
1445299620000	970.04
1445299680000	1288.14
1445299740000	1304.6
1445299800000	981.36
1445299860000	810.15
1445299920000	1143.98
1445299980000	1196.26
1445300040000	779.36
1445300100000	1262.96
1445300160000	1110.3454545454545
1445300220000	1502.18
1445300280000	1019.88
1445300340000	1520.46
1445300400000	1278.12
1445300460000	1159.6
1445300520000	1018.46
1445300580000	1133.66
1445300640000	1032.4
1445300700000	1269.5636363636363
1445300760000	1069.46
1445300820000	941.5
1445300880000	1213.46
1445300940000	1365
1445301000000	1487.888888888889
1445301060000	1049.24
1445301120000	1254.72
1445301180000	1120.38
1445301240000	1307.4
1445301300000	1134.2181818181818
1445301360000	1073.9
1445301420000	1243.64
1445301480000	1046.5
1445301540000	1110.1777777777777
1445301600000	932.84
1445301660000	966.34
1445301720000	1336.84
1445301780000	1188.28
1445301840000	1319.1818181818182
1445301900000	1228.24
1445301960000	1243.84
1445302020000	1215.1
1445302080000	1270.78
1445302140000	1216.8444444444444
1445302200000	1233.44
1445302260000	1054.24
1445302320000	1256.98
1445302380000	1058.16
1445302440000	898.8181818181819
1445302500000	1109.96
1445302560000	1361.34
1445302620000	1145.26
1445302680000	1454.2444444444445
1445302740000	1200.06
1445302800000	1444.76
1445302860000	1044.58
1445302920000	1309.84
1445302980000	1141.4727272727273
1445303040000	904.76
1445303100000	1250.6
1445303160000	1351.22
1445303220000	1115.9
1445303280000	1169.68
1445303340000	31.64
1445303400000	53.24
1445303460000	280.42
1445303520000	905.7272727272727
1445303580000	970.36
1445303640000	810.18
1445303700000	1531.82
1445303760000	1047.14
1445303820000	1172.15
1445303880000	1151.44
1445303940000	1282.1
1445304000000	1058.94
1445304060000	1342.0545454545454
1445304120000	1041.94
1445304180000	1040.02
1445304240000	917.42
1445304300000	1088.02
1445304360000	985.7555555555556
1445304420000	1037
1445304480000	1417.76
1445304540000	934.64
1445304600000	1180.24
1445304660000	1164.26
1445304720000	807.6
1445304780000	995.9
1445304840000	1381.32
1445304900000	1262.6444444444444
1445304960000	524.1
1445305020000	31.7
1445305080000	30.32
1445305140000	30.58
1445305200000	62.945454545454545
1445305260000	345.56
1445305320000	1092.12
1445305380000	946.48
1445305440000	1338.28
1445305500000	1318.4
1445305560000	1082.06
1445305620000	925.1
1445305680000	1023.6
1445305740000	1122.64
1445305800000	1130.1090909090908
1445305860000	1600.4
1445305920000	949.26
1445305980000	1146.26
1445306040000	1031.92
1445306100000	1105.375
1445306160000	1323.14
1445306220000	1363.28
1445306280000	987.22
1445306340000	1112.7454545454545
1445306400000	923.04
1445306460000	1054.2
1445306520000	1104.94
1445306580000	1128.54
1445306640000	885.0888888888888
1445306700000	1598.14
1445306760000	1284.76
1445306820000	1208.62
1445306880000	957.5
1445306940000	1120.96
1445307000000	1283.34
1445307060000	1279.22
1445307120000	1183.22
1445307180000	1177.3777777777777
1445307240000	1068.18
1445307300000	1197.06
1445307360000	1356.18
1445307420000	1457.54
1445307480000	1310.8363636363636
1445307540000	1250.2
1445307600000	1183.2
1445307660000	902.24
1445307720000	808.4
1445307780000	875.95
1445307840000	1014.98
1445307900000	1191.64
1445307960000	1045.06
1445308020000	1118.5454545454545
1445308080000	1139.26
1445308140000	1243.88
1445308200000	881.78
1445308260000	1287.88
1445308320000	1092.0222222222221
1445308380000	1264.96
1445308440000	1017.58
1445308500000	1565
1445308560000	1045.86
1445308620000	1423.0545454545454
1445308680000	946.54
1445308740000	1200.16
1445308800000	1184.44
1445308860000	1142.7333333333333
1445308920000	1152.66
1445308980000	1301.34
1445309040000	1271.4
1445309100000	1215.96
1445309160000	1097.1818181818182
1445309220000	1646.7
1445309280000	1133.74
1445309340000	1161.58
1445309400000	1082.22
1445309460000	1374.875
1445309520000	1129.56
1445309580000	982.38
1445309640000	991.6
1445309700000	1323.509090909091
1445309760000	1289.22
1445309820000	1201.92
1445309880000	1252.46
1445309940000	1034.88
1445310000000	1190.8444444444444
1445310060000	997.74
1445310120000	1068.12
1445310180000	1144.1
1445310240000	1152.3818181818183
1445310300000	999.12
1445310360000	1077.54
1445310420000	1380.96
1445310480000	1409.3
1445310540000	389.1333333333333
1445310600000	42.9
1445310660000	615.16
1445310720000	1475.82
1445310780000	1085.9
1445310840000	1072.22
1445310900000	976.4
1445310960000	1040.4
1445311020000	1419.64
1445311080000	1622.48
1445311140000	1502.4
1445311200000	988.7555555555556
1445311260000	1020.72
1445311320000	1373.84
1445311380000	1258.7
1445311440000	1489.44
1445311500000	1031.1454545454546
1445311560000	1248.1
1445311620000	1134.6
1445311680000	1012.74
1445311740000	1009.12
1445311800000	1330.4
1445311860000	1248.38
1445311920000	1475.82
1445311980000	1414.08
1445312040000	1257.5
1445312100000	1219.44
1445312160000	1361.3272727272727
1445312220000	1077.88
1445312280000	22.26
1445312340000	30.9
1445312400000	45.42
1445312460000	783.0222222222222
1445312520000	1193.26
1445312580000	1197.54
1445312640000	1079.96
1445312700000	1053.72
1445312760000	1501.909090909091
1445312820000	929.6
1445312880000	1436.54
1445312940000	1093.34
1445313000000	1210.04
1445313060000	1413.4222222222222
1445313120000	1006.84
1445313180000	1156.36
1445313240000	1318.3
1445313300000	1141.9636363636364
1445313360000	1224.12
1445313420000	1102.68
1445313480000	1099.52
1445313540000	1292.64
1445313600000	1104.34
1445313660000	1071.1777777777777
1445313720000	1289.54
1445313780000	1505.96
1445313840000	737.6
1445313900000	21.96
1445313960000	20.44
1445314020000	20.563636363636363
1445314080000	22.66
1445314140000	19.6
