time	derivative
1445261400000	1469.46
1445261460000	2013.46
1445261520000	50.26
1445261580000	852.02
1445261640000	1601.6888888888889
1445261700000	1073.8
1445261760000	29.74
1445261820000	32.64
1445261880000	33.22
1445261940000	32.236363636363635
1445262000000	64.14
1445262060000	78.86
1445262120000	1860.84
1445262180000	1100.34
1445262240000	864.8222222222222
1445262300000	1403.34
1445262360000	1657.36
1445262420000	1366.34
1445262480000	1385.96
1445262540000	1555.090909090909
1445262600000	1410.54
1445262660000	1538.06
1445262720000	1453.96
1445262780000	1590.125
1445262840000	1449.1
1445262900000	1363.96
1445262960000	1605.66
1445263020000	1431.2
1445263080000	1228.7636363636364
1445263140000	487.2
1445263200000	89
1445263260000	86.06
1445263320000	98.68
1445263380000	97.5
1445263440000	98.24
1445263500000	92.14
1445263560000	95.38
1445263620000	95.56363636363636
1445263680000	91.84
1445263740000	90.7
1445263800000	89.88
1445263860000	97.675
1445263920000	901.78
1445263980000	1449.84
1445264040000	1320.46
1445264100000	1468.4727272727273
1445264160000	1441.26
1445264220000	1388.24
1445264280000	1342.32
1445264340000	1313.44
1445264400000	1201.175
1445264460000	1155.42
1445264520000	1600.9
1445264580000	1883.72
1445264640000	1242.22
1445264700000	1450.64
1445264760000	1597.92
1445264820000	1204.92
1445264880000	1190.26
1445264940000	1406.9333333333334
1445265000000	966.08
1445265060000	1221.8
1445265120000	1262.02
1445265180000	1652.04
1445265240000	1387.6363636363637
1445265300000	1113.32
1445265360000	1227.6
1445265420000	1332
1445265480000	1261.56
1445265540000	1256.6666666666667
1445265600000	1063.56
1445265660000	1200.86
1445265720000	1344.44
1445265780000	1515.2
1445265840000	1030.14
1445265900000	1557.22
1445265960000	1127.1
1445266020000	1227.32
1445266080000	1353.5555555555557
1445266140000	1212.24
1445266200000	1392.44
1445266260000	1618.24
1445266320000	1239.18
1445266380000	1373.0545454545454
1445266440000	1293.1
1445266500000	1296.68
1445266560000	1329.7
1445266620000	1239.86
1445266680000	1544.3
1445266740000	1445.38
1445266800000	1064.98
1445266860000	1214.84
1445266920000	1329.5272727272727
1445266980000	1580.46
1445267040000	1417.42
1445267100000	1478.2
1445267160000	1364.58
1445267220000	1452.2888888888888
1445267280000	1075.9
1445267340000	367.22
1445267400000	386.36
1445267460000	1177.84
1445267520000	1165.6
1445267580000	1076.46
1445267640000	1160.38
1445267700000	898.62
1445267760000	1297.6444444444444
1445267820000	981.64
1445267880000	1319.16
1445267940000	1515.06
1445268000000	1368.24
1445268060000	1128.9636363636364
1445268120000	1071.4
1445268180000	1146.18
1445268240000	1300.84
1445268300000	1105.76
1445268360000	1067.475
1445268420000	999.54
1445268480000	1487.36
1445268540000	1467.38
1445268600000	1326.1090909090908
1445268660000	1125.54
1445268720000	1238.62
1445268780000	1177.78
1445268840000	1206.3
1445268900000	1526.888888888889
1445268960000	31.48
1445269020000	32.88
1445269080000	32.58
1445269140000	32.7
1445269200000	69.72727272727273
1445269260000	104.82
1445269320000	101.42
1445269380000	106.02
1445269440000	105.16
1445269500000	679.0444444444445
1445269560000	1098.88
1445269620000	1258.56
1445269680000	1263.32
1445269740000	1220.36
1445269800000	1511.8727272727272
1445269860000	1141.32
1445269920000	1207.44
1445269980000	1258.36
1445270040000	997.8888888888889
1445270100000	1270.76
1445270160000	1437.14
1445270220000	1249.5
1445270280000	1299.58
1445270340000	1579.5636363636363
1445270400000	1405.8
1445270460000	1420.02
1445270520000	1453.34
1445270580000	1309.92
1445270640000	1430.3
1445270700000	1372.54
1445270760000	785.06
1445270820000	1243.52
1445270880000	1387.1090909090908
1445270940000	1109.12
1445271000000	1534.78
1445271060000	1428.2
1445271120000	1040.08
1445271180000	1261.85
1445271240000	1309
1445271300000	1257.28
1445271360000	1314.64
1445271420000	1311.88
1445271480000	1365.290909090909
1445271540000	1149.98
1445271600000	1236.76
1445271660000	1187.68
1445271720000	1216.38
1445271780000	1438.45
1445271840000	834.48
1445271900000	1083.1
1445271960000	1251.9
1445272020000	1138.22
1445272080000	1332.68
1445272140000	1281.88
1445272200000	1441.32
1445272260000	1162.7
1445272320000	944.1555555555556
1445272380000	1350.02
1445272440000	1203
1445272500000	1325.06
1445272560000	1112.6
1445272620000	1469.0363636363636
1445272680000	1408.92
1445272740000	982.9
1445272800000	964.38
1445272860000	1310.86
1445272920000	1088.2666666666667
1445272980000	1247.62
1445273040000	1285.7
1445273100000	1219.88
1445273160000	1379.8
1445273220000	1139.6
1445273280000	1154.28
1445273340000	1250.04
1445273400000	1163.46
1445273460000	1560.7333333333333
1445273520000	1237.06
1445273580000	1168.18
1445273640000	1121.86
1445273700000	992.64
1445273760000	1374.1636363636364
1445273820000	1359.76
1445273880000	991.82
1445273940000	1073.62
1445274000000	1447.58
1445274060000	1170.2
1445274120000	1347.44
1445274180000	1251.98
1445274240000	957.88
1445274300000	1444.509090909091
1445274360000	1181.34
1445274420000	989.28
1445274480000	1569.4
1445274540000	31.48
1445274600000	76.77777777777777
1445274660000	102.76
1445274720000	93.16
1445274780000	1238.32
1445274840000	1367.68
1445274900000	1338.4
1445274960000	1417.4
1445275020000	967.8
1445275080000	1128.76
1445275140000	1029.28
1445275200000	1213.8666666666666
1445275260000	1374.66
1445275320000	1316.38
1445275380000	1052.2
1445275440000	1375.8363636363636
1445275500000	1157.32
1445275560000	1052.24
1445275620000	1302.64
1445275680000	1326.84
1445275740000	1236.7777777777778
1445275800000	1197.04
1445275860000	1315.32
1445275920000	1395.24
1445275980000	1342.92
1445276040000	1399.509090909091
1445276100000	1293.96
1445276160000	243.7
1445276220000	31.42
1445276280000	32.2
1445276340000	32.4
1445276400000	68.56
1445276460000	100.08
1445276520000	1025.24
1445276580000	825.0909090909091
1445276640000	90.38
1445276700000	1009.28
1445276760000	1264.54
1445276820000	1455.72
1445276880000	1020.0444444444445
1445276940000	1081.24
1445277000000	1315.12
1445277060000	1255.86
1445277120000	1388.6909090909091
1445277180000	1185.06
1445277240000	1431.98
1445277300000	1169.48
1445277360000	1507.92
1445277420000	979.8
1445277480000	1058.34
1445277540000	1021.28
1445277600000	1075.34
1445277660000	1839.9
1445277720000	959.4
1445277780000	1361.08
1445277840000	1349.66
1445277900000	1128.82
1445277960000	1587.85
1445278020000	883.16
1445278080000	1179.48
1445278140000	994.34
1445278200000	1212.6
1445278260000	882.5818181818182
1445278320000	1096.46
1445278380000	1194.92
1445278440000	1410.3
1445278500000	1644
1445278560000	1762.5333333333333
1445278620000	1371
1445278680000	1172.54
1445278740000	1383.8
1445278800000	1293.78
1445278860000	1016.86
1445278920000	1437.08
1445278980000	1251
1445279040000	1278.16
1445279100000	1315.5777777777778
1445279160000	1222.32
1445279220000	1212.4
1445279280000	1307.56
1445279340000	1033.74
1445279400000	1313.490909090909
1445279460000	1329.18
1445279520000	1261.76
1445279580000	1242.44
1445279640000	1166.42
1445279700000	1221.4666666666667
1445279760000	1232.84
1445279820000	1180.78
1445279880000	1470.38
1445279940000	1126.090909090909
1445280000000	981.8
1445280060000	1308.74
1445280120000	1420.44
1445280180000	391.16
1445280240000	89.64444444444445
1445280300000	636.3
1445280360000	1239.2
1445280420000	958.7
1445280480000	1139.52
1445280540000	1130.7636363636364
1445280600000	1229.76
1445280660000	1198.76
1445280720000	1193.8
1445280780000	1085.28
1445280840000	1240.15
1445280900000	1000.52
1445280960000	1295.7
1445281020000	1277.76
1445281080000	1649.0181818181818
1445281140000	1291.5
1445281200000	624.56
1445281260000	1580.84
1445281320000	1055.58
1445281380000	1125.4
1445281440000	1009.42
1445281500000	1180.38
1445281560000	1312.68
1445281620000	1046.24
1445281680000	1150.8
1445281740000	469.22
1445281800000	71.8
1445281860000	105.72
1445281920000	107.075
1445281980000	170.62
1445282040000	1408.6
1445282100000	1216.2
1445282160000	1191.76
1445282220000	1247.4
1445282280000	1158.3
1445282340000	1069.38
1445282400000	1299.22
1445282460000	1207.34
1445282520000	943.1333333333333
1445282580000	827.92
1445282640000	875.96
1445282700000	1489.84
1445282760000	1005.66
1445282820000	1425.38
1445282880000	1364.02
1445282940000	1220.44
1445283000000	960.4
1445283060000	1159.3777777777777
1445283120000	905.68
1445283180000	1128.68
1445283240000	1216.52
1445283300000	1186.92
1445283360000	31.78181818181818
1445283420000	31.76
1445283480000	31.86
1445283540000	32.1
1445283600000	771.08
1445283660000	1042.1
1445283720000	1316.1
1445283780000	1117.52
1445283840000	933.58
1445283900000	1148.98
1445283960000	1447.6
1445284020000	1097.34
1445284080000	1341.36
1445284140000	1361.3
1445284200000	1122.6666666666667
1445284260000	1211.9
1445284320000	1037.1
1445284380000	1239.62
1445284440000	966.1
1445284500000	1296.581818181818
1445284560000	1331.3
1445284620000	1065
1445284680000	977.64
1445284740000	1194.74
1445284800000	1144.05
1445284860000	973.02
1445284920000	991.18
1445284980000	1016.74
1445285040000	1431.0727272727272
1445285100000	1192.7
1445285160000	984.94
1445285220000	1244.84
1445285280000	917.96
1445285340000	1374.9777777777779
1445285400000	916.28
1445285460000	1156.32
1445285520000	1110.4
1445285580000	1342.04
1445285640000	1257.88
1445285700000	1101.76
1445285760000	1428.84
1445285820000	1095.64
1445285880000	1091.8666666666666
1445285940000	1427.26
1445286000000	1159.82
1445286060000	1346.82
1445286120000	1102.7272727272727
1445286180000	1068.2
1445286240000	1424.22
1445286300000	1085.4
1445286360000	990.12
1445286420000	1324.2666666666667
1445286480000	1034.68
1445286540000	1204.82
1445286600000	1195.58
1445286660000	1163.36
1445286720000	1158.0181818181818
1445286780000	1272.42
1445286840000	1274.96
1445286900000	1096.4
1445286960000	1071.96
1445287020000	1148.525
1445287080000	1362.88
1445287140000	929.16
1445287200000	1140.58
1445287260000	1214.2181818181818
1445287320000	1328.3
1445287380000	1441.8
1445287440000	1310.3
1445287500000	1288.26
1445287560000	1212.7555555555555
1445287620000	896.88
1445287680000	869.18
1445287740000	1418.5
1445287800000	1001.1
1445287860000	1254.5272727272727
1445287920000	918.78
1445287980000	1278.6
1445288040000	1190.44
1445288100000	1132.7
1445288160000	1159.6444444444444
1445288220000	1189.42
1445288280000	1241.56
1445288340000	1192.2
1445288400000	966.5090909090909
1445288460000	1150.06
1445288520000	1068.38
1445288580000	1323.84
1445288640000	1007.24
1445288700000	1313.6222222222223
1445288760000	1055.84
1445288820000	1616.58
1445288880000	1043.4
1445288940000	33.054545454545455
1445289000000	70.7
1445289060000	104.2
1445289120000	101.3
1445289180000	102.52
1445289240000	105.6
1445289300000	101.72
1445289360000	111.46
1445289420000	111.88
1445289480000	106.18
1445289540000	109.0909090909091
1445289600000	108.82
1445289660000	104.94
1445289720000	193.96
1445289780000	1476.88
1445289840000	989.6
1445289900000	1284.36
1445289960000	967.5
1445290020000	1045.7
1445290080000	1122.9454545454546
1445290140000	1392.8
1445290200000	1336.12
1445290260000	1058.9
1445290320000	1100.04
1445290380000	975.5111111111111
1445290440000	1335.06
1445290500000	1235.74
1445290560000	31.24
1445290620000	30.98181818181818
1445290680000	31.56
1445290740000	32.38
1445290800000	135.58
1445290860000	1061.26
1445290920000	984.6444444444444
1445290980000	1247.64
1445291040000	1040.88
1445291100000	930.02
1445291160000	1197.78
1445291220000	1078.3818181818183
1445291280000	1098.88
1445291340000	1225.96
1445291400000	1032.4
1445291460000	1419.92
1445291520000	983.825
1445291580000	1291.6
1445291640000	1617.02
1445291700000	102.12
1445291760000	877.7272727272727
1445291820000	1166.14
1445291880000	851.88
1445291940000	1206.1
1445292000000	1426.9
1445292060000	1000.1333333333333
1445292120000	1294.38
1445292180000	1329.6
1445292240000	1188.86
1445292300000	888.78
1445292360000	1414.74
1445292420000	1089.44
1445292480000	1312.32
1445292540000	1253.44
1445292600000	1245.76
1445292660000	1312.375
1445292720000	1159.68
1445292780000	1395.98
1445292840000	863.74
1445292900000	938.4727272727273
1445292960000	1212.56
1445293020000	987.42
1445293080000	835.2
1445293140000	1137.26
1445293200000	1202.2444444444445
1445293260000	1313.64
1445293320000	1120.76
1445293380000	1037.26
1445293440000	1244.418181818182
1445293500000	918.16
1445293560000	1292.6
1445293620000	929.86
1445293680000	987.26
1445293740000	1270.0222222222221
1445293800000	1283.62
1445293860000	953.72
1445293920000	1086.88
1445293980000	1384.5
1445294040000	1423.5454545454545
1445294100000	1061.96
1445294160000	1045.46
1445294220000	987.2
1445294280000	1231.8
1445294340000	984.675
1445294400000	1239.76
1445294460000	941.72
1445294520000	901.12
1445294580000	1085.5636363636363
1445294640000	1507.04
1445294700000	1270.32
1445294760000	1257.02
1445294820000	1153.34
1445294880000	1144.088888888889
1445294940000	949.74
1445295000000	1130.8
1445295060000	1307.06
1445295120000	1067.22
1445295180000	986.48
1445295240000	1213.56
1445295300000	1139.64
1445295360000	1147.64
1445295420000	1164.3777777777777
1445295480000	1127.5
1445295540000	1143.46
1445295600000	1186.22
1445295660000	1170.7454545454545
1445295720000	1272.56
1445295780000	1232.74
1445295840000	1100.96
1445295900000	1173.18
1445295960000	1357.5555555555557
1445296020000	1591.8
1445296080000	1193.14
1445296140000	34.12
1445296200000	69.67272727272727
1445296260000	96.48
1445296320000	1172.36
1445296380000	1104.36
1445296440000	1158.6
1445296500000	799.5333333333333
1445296560000	1255.02
1445296620000	1021.14
1445296680000	1165.64
1445296740000	1112.38
1445296800000	1145.8363636363636
1445296860000	1144.56
1445296920000	1276.9
1445296980000	981.32
1445297040000	1140.2666666666667
1445297100000	1062.34
1445297160000	1183.4
1445297220000	1498.44
1445297280000	1088.54
1445297340000	1118.3090909090909
1445297400000	1292.64
1445297460000	1034.36
1445297520000	1064
1445297580000	1204.38
1445297640000	1506.2
1445297700000	987.98
1445297760000	756.72
1445297820000	33.14
1445297880000	32.28
1445297940000	32.22
1445298000000	75.26
1445298060000	107.2
1445298120000	110.44
1445298180000	346.22222222222223
1445298240000	1062.04
1445298300000	993.74
1445298360000	1406.28
1445298420000	1292.2
1445298480000	1322.4545454545455
1445298540000	1137.76
1445298600000	1200.6
1445298660000	1052.84
1445298720000	1080.3
1445298780000	989.2222222222222
1445298840000	1263.82
1445298900000	953.06
1445298960000	900.58
1445299020000	1035.6909090909091
1445299080000	1109.44
1445299140000	936.88
1445299200000	1306.8
1445299260000	1542.96
1445299320000	1030.2222222222222
1445299380000	1121.06
1445299440000	967.94
1445299500000	1250
1445299560000	1160.78
1445299620000	1128.4
1445299680000	1374.16
1445299740000	1050.72
1445299800000	1134.82
1445299860000	418.7
1445299920000	998.96
1445299980000	1291.18
1445300040000	1274.4
1445300100000	1174.98
1445300160000	988.5818181818182
1445300220000	1425.88
1445300280000	1701.8
1445300340000	842.52
1445300400000	1123.22
1445300460000	1365.7111111111112
1445300520000	866.18
1445300580000	1119.74
1445300640000	1035.36
1445300700000	1168.1636363636364
1445300760000	1289.14
1445300820000	1038.24
1445300880000	1255.06
1445300940000	1163.44
1445301000000	1299.0666666666666
1445301060000	896.12
1445301120000	1103.18
1445301180000	1112.56
1445301240000	1179.04
1445301300000	1073.6727272727273
1445301360000	1359.66
1445301420000	1043.08
1445301480000	1203.44
1445301540000	1129
1445301600000	878.18
1445301660000	1124.62
1445301720000	1049.44
1445301780000	982.82
1445301840000	1410.0181818181818
1445301900000	1041.48
1445301960000	1041.04
1445302020000	1294.2
1445302080000	992.82
1445302140000	1396.9777777777779
1445302200000	1123.64
1445302260000	831.1
1445302320000	1026.78
1445302380000	1263.4
1445302440000	1396.7818181818182
1445302500000	1130.54
1445302560000	872.78
1445302620000	1132.12
1445302680000	1366.9777777777779
1445302740000	877.14
1445302800000	924.82
1445302860000	1341.94
1445302920000	1181.04
1445302980000	1010.9454545454546
1445303040000	1123.44
1445303100000	1101.98
1445303160000	1263.74
1445303220000	1198.225
1445303280000	1215.82
1445303340000	31.88
1445303400000	525.22
1445303460000	1110.92
1445303520000	541.4545454545455
1445303580000	781.22
1445303640000	1498.82
1445303700000	1092.7
1445303760000	1264
1445303820000	1308.975
1445303880000	1144.06
1445303940000	1077.7
1445304000000	1243.42
1445304060000	1013.0181818181818
1445304120000	1118.74
1445304180000	1176.04
1445304240000	806.6
1445304300000	1145.96
1445304360000	878.2888888888889
1445304420000	1281.38
1445304480000	1245
1445304540000	1234.56
1445304600000	1269.68
1445304660000	1257.5
1445304720000	1024.92
1445304780000	956.36
1445304840000	1296.24
1445304900000	1166.3777777777777
1445304960000	551.48
1445305020000	30.94
1445305080000	30.34
1445305140000	31.04
1445305200000	64.63636363636364
1445305260000	378.38
1445305320000	1074.32
1445305380000	979.24
1445305440000	1176.16
1445305500000	1072.2666666666667
1445305560000	1290.98
1445305620000	996.6
1445305680000	1412.48
1445305740000	1255.6
1445305800000	1020.6181818181818
1445305860000	1264.58
1445305920000	1366.86
1445305980000	1390.42
1445306040000	1029.2
1445306100000	1372.3
1445306160000	1120.04
1445306220000	1110.56
1445306280000	1020.16
1445306340000	954.290909090909
1445306400000	1226.34
1445306460000	1384.76
1445306520000	891.12
1445306580000	1149.68
1445306640000	1094.6
1445306700000	1187.22
1445306760000	1392.34
1445306820000	826.54
1445306880000	1210.66
1445306940000	1220.4
1445307000000	1234.38
1445307060000	968.52
1445307120000	1261.06
1445307180000	1087.6666666666667
1445307240000	1124.92
1445307300000	1114.88
1445307360000	1184.96
1445307420000	1149.16
1445307480000	963.0545454545454
1445307540000	1042.88
1445307600000	1284.56
1445307660000	844.64
1445307720000	1135.98
1445307780000	1076.025
1445307840000	981.58
1445307900000	1139.8
1445307960000	1112.64
1445308020000	1364.2
1445308080000	839.74
1445308140000	949.76
1445308200000	1030.42
1445308260000	1189.46
1445308320000	1001.6888888888889
1445308380000	978.88
1445308440000	1083.44
1445308500000	1149.64
1445308560000	1083.96
1445308620000	1254.509090909091
1445308680000	1351.1
1445308740000	1239.7
1445308800000	1133.56
1445308860000	1049.0666666666666
1445308920000	1053.36
1445308980000	985.72
1445309040000	1158.32
1445309100000	1132.92
1445309160000	1009.4363636363636
1445309220000	1327.16
1445309280000	948.96
1445309340000	1070.66
1445309400000	1223.42
1445309460000	1010.775
1445309520000	1159.36
1445309580000	1059.86
1445309640000	1046.26
1445309700000	1002.5818181818182
1445309760000	1238.72
1445309820000	1407.82
1445309880000	1249.2
1445309940000	1238.68
1445310000000	1236.3333333333333
1445310060000	1361.08
1445310120000	1292.94
1445310180000	1170.68
1445310240000	1264.2545454545455
1445310300000	977.78
1445310360000	1072.2
1445310420000	1102.08
1445310480000	1031.2
1445310540000	42.022222222222226
1445310600000	60
1445310660000	92.82
1445310720000	744.54
1445310780000	87.98
1445310840000	107.94
1445310900000	562.24
1445310960000	923.56
1445311020000	1074.58
1445311080000	1572.84
1445311140000	1181.34
1445311200000	960.7111111111111
1445311260000	1039.64
1445311320000	1183.4
1445311380000	1294.96
1445311440000	839.34
1445311500000	1178.5636363636363
1445311560000	1227.2
1445311620000	1107.36
1445311680000	1091.64
1445311740000	1410.3
1445311800000	1197.7333333333333
1445311860000	1037.88
1445311920000	998.2
1445311980000	1156.54
1445312040000	1105.86
1445312100000	1346.06
1445312160000	1530.8545454545454
1445312220000	1255.1
1445312280000	32.42
1445312340000	38.42
1445312400000	60.86
1445312460000	274
1445312520000	1292.82
1445312580000	437.38
1445312640000	815.64
1445312700000	770.76
1445312760000	86.98181818181818
1445312820000	280.74
1445312880000	763.62
1445312940000	1102.42
1445313000000	1241.68
1445313060000	904.8222222222222
1445313120000	1286.82
1445313180000	750.84
1445313240000	821.94
1445313300000	1089.7272727272727
1445313360000	913.72
1445313420000	1164.12
1445313480000	1007.62
1445313540000	1065.64
1445313600000	1029.8
1445313660000	1189.3777777777777
1445313720000	1282.64
1445313780000	1135.78
1445313840000	849.62
1445313900000	27.08
1445313960000	25.68
1445314020000	24.945454545454545
1445314080000	26.98
1445314140000	23.75
