time	derivative
1445261400000	20.42
1445261460000	0.46
1445261520000	10.7
1445261580000	35.3
1445261640000	32.37777777777778
1445261700000	56.8
1445261760000	45.52
1445261820000	45.76
1445261880000	43.36
1445261940000	47.21818181818182
1445262000000	73.96
1445262060000	94.24
1445262120000	94.24
1445262180000	91.74
1445262240000	91.37777777777778
1445262300000	109.08
1445262360000	105.82
1445262420000	103.48
1445262480000	102.02
1445262540000	112.12727272727273
1445262600000	118.5
1445262660000	126.64
1445262720000	130
1445262780000	112.925
1445262840000	121.62
1445262900000	142.32
1445262960000	144.28
1445263020000	155.14
1445263080000	159
1445263140000	152.42
1445263200000	163.92
1445263260000	148.24
1445263320000	147.98
1445263380000	155.375
1445263440000	144.9
1445263500000	161.34
1445263560000	142
1445263620000	126.01818181818182
1445263680000	127.18
1445263740000	133.2
1445263800000	126.1
1445263860000	114.8
1445263920000	114.64
1445263980000	114.58
1445264040000	103.92
1445264100000	104.65454545454546
1445264160000	84.48
1445264220000	87.14
1445264280000	78.24
1445264340000	97.34
1445264400000	80
1445264460000	62.714285714285715
1445264520000	54.1
1445264580000	61.1
1445264640000	61.98
1445264700000	53.24
1445264760000	41.78
1445264820000	45.32
1445264880000	43.22
1445264940000	36.91111111111111
1445265000000	43.9
1445265060000	39.64
1445265120000	52.36
1445265180000	47.06
1445265240000	51.61818181818182
1445265300000	56.5
1445265360000	58.98
1445265420000	59.5
1445265480000	66.64
1445265540000	58.6
1445265600000	98.7
1445265660000	96.32
1445265720000	92.6
1445265780000	102.72
1445265840000	90.26
1445265900000	110.8
1445265960000	102.76
1445266020000	101.46
1445266080000	105.08888888888889
1445266140000	118.26
1445266200000	127.78
1445266260000	126.7
1445266320000	132.38
1445266380000	124.94545454545455
1445266440000	119.66
1445266500000	133.5
1445266560000	147.58
1445266620000	146.26
1445266680000	129.725
1445266740000	126.7
1445266800000	153.64
1445266860000	140.82
1445266920000	154.76363636363635
1445266980000	126.1
1445267040000	132.74
1445267100000	129.96
1445267160000	129.04
1445267220000	109.73333333333333
1445267280000	102.9
1445267340000	111.14
1445267400000	118.46
1445267460000	118.42
1445267520000	112.46
1445267580000	107.56
1445267640000	91.96
1445267700000	93.8
1445267760000	81.73333333333333
1445267820000	82.32
1445267880000	89.42
1445267940000	89.22
1445268000000	109.7
1445268060000	76.58181818181818
1445268120000	66.24
1445268180000	58.18
1445268240000	65.92
1445268300000	182.2
1445268360000	50.4
1445268420000	53
1445268480000	52.82
1445268540000	48.86
1445268600000	40.654545454545456
1445268660000	44.44
1445268720000	43.84
1445268780000	40.5
1445268840000	43.52
1445268900000	62.71111111111111
1445268960000	38.1
1445269020000	38.88
1445269080000	38.82
1445269140000	45.98
1445269200000	76.72727272727273
1445269260000	94.04
1445269320000	94.96
1445269380000	93.46
1445269440000	91.68
1445269500000	115.93333333333334
1445269560000	107.72
1445269620000	106.24
1445269680000	101.74
1445269740000	90.62
1445269800000	118.25454545454545
1445269860000	123.06
1445269920000	134.12
1445269980000	130.7
1445270040000	113.53333333333333
1445270100000	137.7
1445270160000	142.36
1445270220000	135.72
1445270280000	128.58
1445270340000	135.85454545454544
1445270400000	156.32
1445270460000	133.66
1445270520000	135.74
1445270580000	125.22
1445270640000	122.975
1445270700000	239.38
1445270760000	118.1
1445270820000	119.88
1445270880000	145.01818181818183
1445270940000	121.9
1445271000000	135.78
1445271060000	104.28
1445271120000	113.3
1445271180000	102.45
1445271240000	110.5
1445271300000	92.16
1445271360000	90.82
1445271420000	81.16
1445271480000	103.6
1445271540000	84.84
1445271600000	77.18
1445271660000	62.48
1445271720000	84.98
1445271780000	55
1445271840000	61.46
1445271900000	55.62
1445271960000	35.34
1445272020000	34.6
1445272080000	43.6
1445272140000	46.44
1445272200000	48.72
1445272260000	59.32
1445272320000	46.51111111111111
1445272380000	42.14
1445272440000	46.54
1445272500000	65.26
1445272560000	68.24
1445272620000	61
1445272680000	58.72
1445272740000	68.12
1445272800000	96.44
1445272860000	95.56
1445272920000	97.57777777777778
1445272980000	84.08
1445273040000	89.14
1445273100000	125.72
1445273160000	99.62
1445273220000	100.2
1445273280000	98.2
1445273340000	103.38
1445273400000	121.32
1445273460000	125.37777777777778
1445273520000	117.14
1445273580000	123.28
1445273640000	119.46
1445273700000	138.3
1445273760000	129.72727272727272
1445273820000	139.34
1445273880000	155.7
1445273940000	144.34
1445274000000	155.54
1445274060000	143.975
1445274120000	131.5
1445274180000	129.04
1445274240000	155.6
1445274300000	137.56363636363636
1445274360000	133.68
1445274420000	120.54
1445274480000	132.74
1445274540000	99.64
1445274600000	107.46666666666667
1445274660000	129.24
1445274720000	123.24
1445274780000	124.4
1445274840000	97.28
1445274900000	99.50909090909092
1445274960000	91.12
1445275020000	92.16
1445275080000	94.34
1445275140000	86.18
1445275200000	102.71111111111111
1445275260000	73.24
1445275320000	77.12
1445275380000	65.56
1445275440000	64.30909090909091
1445275500000	65.36
1445275560000	43.8
1445275620000	52.76
1445275680000	48.44
1445275740000	39.577777777777776
1445275800000	49
1445275860000	49.44
1445275920000	45.54
1445275980000	45.52
1445276040000	47.018181818181816
1445276100000	57.94
1445276160000	44.3
1445276220000	38.04
1445276280000	44.48888888888889
1445276340000	45.92
1445276400000	73.48
1445276460000	95.9
1445276520000	110.46
1445276580000	98.96363636363637
1445276640000	93.34
1445276700000	112.04
1445276760000	101.02
1445276820000	108.9
1445276880000	92.68888888888888
1445276940000	92.98
1445277000000	118.06
1445277060000	115.8
1445277120000	128.2
1445277180000	129.92
1445277240000	135.9
1445277300000	129.5
1445277360000	129.14
1445277420000	131.2
1445277480000	185.72
1445277540000	139.94
1445277600000	164.12
1445277660000	141.22
1445277720000	125.61818181818182
1445277780000	121.94
1445277840000	134.86
1445277900000	128
1445277960000	132.35
1445278020000	107.14
1445278080000	105.4
1445278140000	120.3
1445278200000	141.78
1445278260000	100.96363636363637
1445278320000	100.14
1445278380000	106.18
1445278440000	92.88
1445278500000	106.9
1445278560000	71.84444444444445
1445278620000	82.66
1445278680000	83.84
1445278740000	82.34
1445278800000	72.14
1445278860000	67.8
1445278920000	66.76
1445278980000	52.92
1445279040000	53.76
1445279100000	63.15555555555556
1445279160000	45.76
1445279220000	39.24
1445279280000	33.18
1445279340000	36.28
1445279400000	49.41818181818182
1445279460000	60.22
1445279520000	50.4
1445279580000	47.64
1445279640000	42.82
1445279700000	62.75555555555555
1445279760000	56.64
1445279820000	57.82
1445279880000	60.86
1445279940000	63.2
1445280000000	87.6
1445280060000	89
1445280120000	93.72
1445280180000	69.06
1445280240000	73.62222222222222
1445280300000	96.28
1445280360000	95.32
1445280420000	100.44
1445280480000	121.36
1445280540000	105.94545454545455
1445280600000	114.3
1445280660000	113.66
1445280720000	109.54
1445280780000	113.64
1445280840000	138.275
1445280900000	147.52
1445280960000	128.66
1445281020000	147.72
1445281080000	154.56363636363636
1445281140000	152.54
1445281200000	159.02
1445281260000	140.92
1445281320000	145.2
1445281380000	156.13333333333333
1445281440000	135.64
1445281500000	177.88
1445281560000	125.6
1445281620000	156.7
1445281680000	142
1445281740000	130.54
1445281800000	122.98
1445281860000	118.06
1445281920000	114.375
1445281980000	115.78
1445282040000	91.8
1445282100000	98.62
1445282160000	125.18
1445282220000	77.41818181818182
1445282280000	82.36
1445282340000	80.38
1445282400000	118.98
1445282460000	73.94
1445282520000	61.75555555555555
1445282580000	62.76
1445282640000	59.76
1445282700000	58.14
1445282760000	44.14
1445282820000	35.8
1445282880000	53.9
1445282940000	45.74
1445283000000	41.62
1445283060000	48.08888888888889
1445283120000	53.08
1445283180000	53.56
1445283240000	54.68
1445283300000	61.2
1445283360000	41.29090909090909
1445283420000	45.24
1445283480000	44.42
1445283540000	44.58
1445283600000	73.82
1445283660000	107.225
1445283720000	88.74
1445283780000	83.24
1445283840000	90.48
1445283900000	106.48
1445283960000	96.28
1445284020000	99.68
1445284080000	106.12
1445284140000	97.06
1445284200000	116.73333333333333
1445284260000	125.72
1445284320000	127.38
1445284380000	133.38
1445284440000	124.62
1445284500000	133.0909090909091
1445284560000	151.06
1445284620000	146.3
1445284680000	151.18
1445284740000	148.64
1445284800000	160.85
1445284860000	167.16
1445284920000	137.26
1445284980000	153
1445285040000	147.8909090909091
1445285100000	146.52
1445285160000	132.42
1445285220000	119.42
1445285280000	120.84
1445285340000	127.06666666666666
1445285400000	110.94
1445285460000	133.58
1445285520000	104.84
1445285580000	112.12
1445285640000	98.88
1445285700000	98.22
1445285760000	86.74
1445285820000	93.28
1445285880000	93.97777777777777
1445285940000	82.56
1445286000000	88.06
1445286060000	66.12
1445286120000	68.96363636363637
1445286180000	63.5
1445286240000	67.4
1445286300000	72.56
1445286360000	45.9
1445286420000	57
1445286480000	48.1
1445286540000	38.7
1445286600000	36.64
1445286660000	51.82
1445286720000	40.872727272727275
1445286780000	43.92
1445286840000	45.46
1445286900000	64.7
1445286960000	68.42
1445287020000	60.075
1445287080000	74.48
1445287140000	69
1445287200000	94.26
1445287260000	89.74545454545455
1445287320000	91.46
1445287380000	99.02
1445287440000	82.14
1445287500000	95
1445287560000	95.53333333333333
1445287620000	101.42
1445287680000	93.6
1445287740000	101.36
1445287800000	151.02
1445287860000	119.67272727272727
1445287920000	110.8
1445287980000	108.94
1445288040000	118.4
1445288100000	143.64
1445288160000	150.7111111111111
1445288220000	152.5
1445288280000	139.74
1445288340000	150.18
1445288400000	160.70909090909092
1445288460000	149.88
1445288520000	154.68
1445288580000	144.62
1445288640000	151.92
1445288700000	146.6
1445288760000	156.72
1445288820000	156.26
1445288880000	173.4
1445288940000	118.6
1445289000000	123.54
1445289060000	118.54
1445289120000	120.74
1445289180000	105.92
1445289240000	97.68888888888888
1445289300000	101.32
1445289360000	78.88
1445289420000	84.3
1445289480000	92.38
1445289540000	85.72727272727273
1445289600000	93.58
1445289660000	73.46
1445289720000	72.64
1445289780000	64.18
1445289840000	55.75
1445289900000	70.02
1445289960000	50.42
1445290020000	52.72
1445290080000	61.74545454545454
1445290140000	58.2
1445290200000	51.04
1445290260000	49.56
1445290320000	54.72
1445290380000	49.666666666666664
1445290440000	43.88
1445290500000	66.96
1445290560000	45.92
1445290620000	41.81818181818182
1445290680000	43.16
1445290740000	45.54
1445290800000	80.44
1445290860000	93.08
1445290920000	97.95555555555555
1445290980000	101.86
1445291040000	94.46
1445291100000	117.88
1445291160000	104.56
1445291220000	100.87272727272727
1445291280000	92.12
1445291340000	98.7
1445291400000	124.72
1445291460000	140.44
1445291520000	120.1
1445291580000	127.44
1445291640000	114.92
1445291700000	142.4
1445291760000	118.30909090909091
1445291820000	135.54
1445291880000	135.76
1445291940000	138.76
1445292000000	160.08
1445292060000	145.6888888888889
1445292120000	150.14
1445292180000	137.7
1445292240000	123.94
1445292300000	124.48
1445292360000	117.98
1445292420000	137.56
1445292480000	123.42
1445292540000	136.58
1445292600000	112.98
1445292660000	102.15
1445292720000	94.5
1445292780000	100.32
1445292840000	92.52
1445292900000	109.0909090909091
1445292960000	90.92
1445293020000	81.28
1445293080000	90.56
1445293140000	86.32
1445293200000	82.66666666666667
1445293260000	62.88
1445293320000	62.46
1445293380000	55.14
1445293440000	70.67272727272727
1445293500000	67.06
1445293560000	53.56
1445293620000	50.66
1445293680000	41.66
1445293740000	41.266666666666666
1445293800000	51.14
1445293860000	56.32
1445293920000	46.14
1445293980000	42.9
1445294040000	51.63636363636363
1445294100000	59.7
1445294160000	58.26
1445294220000	59.02
1445294280000	60.7
1445294340000	73.85
1445294400000	87.78
1445294460000	97.26
1445294520000	98.88
1445294580000	78.41818181818182
1445294640000	77.56
1445294700000	118.92
1445294760000	105.04
1445294820000	95.92
1445294880000	99.86666666666666
1445294940000	104.44
1445295000000	121.36
1445295060000	117.9
1445295120000	111.94
1445295180000	112.78
1445295240000	111.72
1445295300000	142.46
1445295360000	155.72
1445295420000	127.68888888888888
1445295480000	149.94
1445295540000	148.34
1445295600000	155.34
1445295660000	123.52727272727273
1445295720000	148.26
1445295780000	135.54
1445295840000	143.5
1445295900000	142.88
1445295960000	124.5111111111111
1445296020000	144.5
1445296080000	148.62
1445296140000	104.76
1445296200000	122.4
1445296260000	112.06
1445296320000	127.42
1445296380000	128.16
1445296440000	95.54
1445296500000	97.24444444444444
1445296560000	81.06
1445296620000	82.52
1445296680000	81.04
1445296740000	82.28
1445296800000	85.61818181818182
1445296860000	64.88
1445296920000	62.88
1445296980000	59.74
1445297040000	48.4
1445297100000	61.74
1445297160000	43.76
1445297220000	48.4
1445297280000	53.76
1445297340000	50.81818181818182
1445297400000	52.34
1445297460000	39.24
1445297520000	47.9
1445297580000	50.42
1445297640000	46.022222222222226
1445297700000	65.16
1445297760000	61.86
1445297820000	44.76
1445297880000	44.78
1445297940000	40.54
1445298000000	78.44
1445298060000	90.24
1445298120000	107.82
1445298180000	102.84444444444445
1445298240000	96.58
1445298300000	109.86
1445298360000	93.62
1445298420000	99.24
1445298480000	117.23636363636363
1445298540000	98.96
1445298600000	123.84
1445298660000	132.02
1445298720000	132.64
1445298780000	120.8
1445298840000	125.28
1445298900000	137.26
1445298960000	133.54
1445299020000	145.1090909090909
1445299080000	135.04
1445299140000	147.3
1445299200000	168.64
1445299260000	175.3
1445299320000	142.64444444444445
1445299380000	142.84
1445299440000	133.4
1445299500000	130.52
1445299560000	124.34
1445299620000	109.26
1445299680000	119.76
1445299740000	128.14
1445299800000	129.44
1445299860000	91.775
1445299920000	100.08
1445299980000	107.46
1445300040000	93.72
1445300100000	98.2
1445300160000	82.21818181818182
1445300220000	86.62
1445300280000	93.24
1445300340000	95.96
1445300400000	78.66
1445300460000	55.8
1445300520000	56.04
1445300580000	64.88
1445300640000	61.4
1445300700000	58.69090909090909
1445300760000	38.74
1445300820000	50.88
1445300880000	37.04
1445300940000	36.08
1445301000000	48.111111111111114
1445301060000	52.34
1445301120000	41.58
1445301180000	45.96
1445301240000	45.14
1445301300000	56.872727272727275
1445301360000	56.72
1445301420000	63.82
1445301480000	59.14
1445301540000	66.5111111111111
1445301600000	114.46
1445301660000	100.58
1445301720000	99.16
1445301780000	87.2
1445301840000	75.76363636363637
1445301900000	100.4
1445301960000	99.34
1445302020000	107.76
1445302080000	99.5
1445302140000	103.2
1445302200000	121.74
1445302260000	124.6
1445302320000	114.3
1445302380000	110.58
1445302440000	103.7090909090909
1445302500000	134.24
1445302560000	143.6
1445302620000	140.38
1445302680000	138.13333333333333
1445302740000	149.22
1445302800000	156.06
1445302860000	132.86
1445302920000	139.92
1445302980000	128.36363636363637
1445303040000	139.08
1445303100000	133.26
1445303160000	133.4
1445303220000	134.5
1445303280000	125.88
1445303340000	108.86
1445303400000	120.2
1445303460000	128.16
1445303520000	116.32727272727273
1445303580000	134.54
1445303640000	92.96
1445303700000	101.24
1445303760000	90.1
1445303820000	83.65
1445303880000	96.58
1445303940000	73.24
1445304000000	89.42
1445304060000	67.16363636363636
1445304120000	63.42
1445304180000	61
1445304240000	52.98
1445304300000	57.66
1445304360000	35.022222222222226
1445304420000	36.82
1445304480000	53.7
1445304540000	47.88
1445304600000	44.9
1445304660000	45.14
1445304720000	39.78
1445304780000	44.12
1445304840000	42.26
1445304900000	63.422222222222224
1445304960000	57.8
1445305020000	46.62
1445305080000	44.32
1445305140000	43.46
1445305200000	76.25454545454545
1445305260000	93.34
1445305320000	91.18
1445305380000	95.36
1445305440000	94.56
1445305500000	115.4888888888889
1445305560000	92.9
1445305620000	94.5
1445305680000	94.24
1445305740000	113.96
1445305800000	114.63636363636364
1445305860000	122.48
1445305920000	123.28
1445305980000	130.54
1445306040000	119.48
1445306100000	136.85
1445306160000	128.82
1445306220000	148.22
1445306280000	131.86
1445306340000	142.9090909090909
1445306400000	165.64
1445306460000	147
1445306520000	151.3
1445306580000	148.02
1445306640000	143.9111111111111
1445306700000	136.76
1445306760000	117.76
1445306820000	106.76
1445306880000	126.04
1445306940000	130.92
1445307000000	126.76
1445307060000	108.8
1445307120000	89.68
1445307180000	96.68888888888888
1445307240000	97.46
1445307300000	99.24
1445307360000	80.22
1445307420000	82.58
1445307480000	89.67272727272727
1445307540000	88.82
1445307600000	97.76
1445307660000	54.12
1445307720000	52.16
1445307780000	71.7
1445307840000	61.52
1445307900000	58.62
1445307960000	55.62
1445308020000	57.872727272727275
1445308080000	46
1445308140000	38.5
1445308200000	45.8
1445308260000	48.64
1445308320000	45.86666666666667
1445308380000	55.52
1445308440000	43.12
1445308500000	66.38
1445308560000	70.34
1445308620000	63.96363636363636
1445308680000	60.14
1445308740000	58.38
1445308800000	106.1
1445308860000	96.08888888888889
1445308920000	85.34
1445308980000	89.24
1445309040000	79.86
1445309100000	96.28
1445309160000	109.87272727272727
1445309220000	100.42
1445309280000	92.34
1445309340000	101.3
1445309400000	121.04
1445309460000	130.55
1445309520000	153.06
1445309580000	111.66
1445309640000	106.98
1445309700000	145.29090909090908
1445309760000	133.4
1445309820000	141.68
1445309880000	131.9
1445309940000	147.04
1445310000000	171.9111111111111
1445310060000	150.78
1445310120000	132.96
1445310180000	127.6
1445310240000	136.6727272727273
1445310300000	140.06
1445310360000	124.08
1445310420000	125.26
1445310480000	161.24
1445310540000	111.35555555555555
1445310600000	100.06
1445310660000	105.64
1445310720000	94.66
1445310780000	104.98
1445310840000	75.62
1445310900000	80.42
1445310960000	69.06
1445311020000	57.76
1445311080000	78.5
1445311140000	70.2
1445311200000	77.95555555555555
1445311260000	61.24
1445311320000	67.46
1445311380000	69.52
1445311440000	60.96
1445311500000	51.8
1445311560000	31.02
1445311620000	26.02
1445311680000	27.470588235294116
1445311740000	27.94
1445311800000	38.111111111111114
1445311860000	43.46
1445311920000	46.52
1445311980000	32.5
1445312040000	31.74
1445312100000	54.76
1445312160000	51.345454545454544
1445312220000	54.68
1445312280000	30.9
1445312340000	38.08
1445312400000	60.8
1445312460000	72.64444444444445
1445312520000	84.64
1445312580000	105.3
1445312640000	83.2
1445312700000	92.96
1445312760000	84.05454545454545
1445312820000	70.06
1445312880000	84.64
1445312940000	76.62
1445313000000	97.7
1445313060000	114.13333333333334
1445313120000	108.8
1445313180000	105.6
1445313240000	124.6
1445313300000	119.23636363636363
1445313360000	107.64
1445313420000	130.96
1445313480000	118.04
1445313540000	114.62
1445313600000	98.26
1445313660000	20.355555555555554
1445313720000	20.7
1445313780000	28.76
1445313840000	21.54
1445313900000	0.34
1445313960000	0.36
1445314020000	0.34545454545454546
1445314080000	0.32
1445314140000	0.35
