time	derivative
1445261400000	0.5
1445261460000	8.62
1445261520000	21.2
1445261580000	40.58
1445261640000	31.77777777777778
1445261700000	55.18
1445261760000	43.76
1445261820000	44.84
1445261880000	43.58
1445261940000	38.90909090909091
1445262000000	78.48
1445262060000	83.56
1445262120000	89.88
1445262180000	90.58
1445262240000	92.64444444444445
1445262300000	99.74
1445262360000	97.78
1445262420000	99.12
1445262480000	93.36
1445262540000	111.65454545454546
1445262600000	110.66
1445262660000	119
1445262720000	117.94
1445262780000	113.2
1445262840000	125.88
1445262900000	130.94
1445262960000	131.84
1445263020000	140.1
1445263080000	139.78181818181818
1445263140000	137.18
1445263200000	165.28
1445263260000	132.9
1445263320000	129.78
1445263380000	133.05
1445263440000	132.76
1445263500000	136.14
1445263560000	123.9
1445263620000	112.21818181818182
1445263680000	116.8
1445263740000	107.76
1445263800000	117.16
1445263860000	91.575
1445263920000	102.36
1445263980000	105.88
1445264040000	110.72
1445264100000	107.01818181818182
1445264160000	90.1
1445264220000	90.4
1445264280000	89.66
1445264340000	92.08
1445264400000	86.3
1445264460000	73.64
1445264520000	64.62
1445264580000	62.74
1445264640000	57.14
1445264700000	69.52
1445264760000	47.04
1445264820000	43.1
1445264880000	49.98
1445264940000	39.82222222222222
1445265000000	39
1445265060000	40.18
1445265120000	42.44
1445265180000	49.8
1445265240000	45.41818181818182
1445265300000	72.5
1445265360000	65.74
1445265420000	70.54
1445265480000	69.28
1445265540000	63.48888888888889
1445265600000	91.22
1445265660000	93.34
1445265720000	84
1445265780000	78.18
1445265840000	76.64
1445265900000	99.86
1445265960000	98.74
1445266020000	102.76
1445266080000	104.15555555555555
1445266140000	102.8
1445266200000	124.42
1445266260000	115.9
1445266320000	118.36
1445266380000	110.41818181818182
1445266440000	123.3
1445266500000	147.76
1445266560000	151
1445266620000	150.24
1445266680000	151.475
1445266740000	144.08
1445266800000	166.78
1445266860000	156.06
1445266920000	152.5090909090909
1445266980000	140.94
1445267040000	152.28
1445267100000	152.06
1445267160000	152.4
1445267220000	143.22222222222223
1445267280000	160.18
1445267340000	126.82
1445267400000	123.68
1445267460000	121.84
1445267520000	111.6
1445267580000	99.36
1445267640000	98.58
1445267700000	100.44
1445267760000	75.66666666666667
1445267820000	78.88
1445267880000	85.4
1445267940000	81.96
1445268000000	82.74
1445268060000	69.98181818181818
1445268120000	58.16
1445268180000	53.56
1445268240000	55.9
1445268300000	60.5
1445268360000	45.5
1445268420000	47.84
1445268480000	69.02
1445268540000	54.5
1445268600000	43.2
1445268660000	44.24
1445268720000	44.72
1445268780000	49.46
1445268840000	45.66
1445268900000	61.82222222222222
1445268960000	44.12
1445269020000	43.92
1445269080000	46.44
1445269140000	37.6
1445269200000	74.58181818181818
1445269260000	93.32
1445269320000	90.4
1445269380000	93.24
1445269440000	90.46
1445269500000	110.31111111111112
1445269560000	95.88
1445269620000	93.74
1445269680000	94.18
1445269740000	96.88
1445269800000	111.58181818181818
1445269860000	123.18
1445269920000	127.3
1445269980000	120.48
1445270040000	112.15555555555555
1445270100000	139.64
1445270160000	144.74
1445270220000	153.42
1445270280000	146.4
1445270340000	139.56363636363636
1445270400000	162.96
1445270460000	155.8
1445270520000	150.02
1445270580000	148.28
1445270640000	148.9
1445270700000	151.76
1445270760000	132.44
1445270820000	115.44
1445270880000	128.01818181818183
1445270940000	135.74
1445271000000	131.86
1445271060000	107.52
1445271120000	102.8
1445271180000	110.525
1445271240000	99.96
1445271300000	97.66
1445271360000	77.14
1445271420000	89.78
1445271480000	90.05454545454545
1445271540000	91.8
1445271600000	88.5
1445271660000	64.92
1445271720000	71.52
1445271780000	66.875
1445271840000	70.86
1445271900000	83.98
1445271960000	53.14
1445272020000	47.56
1445272080000	41.28
1445272140000	43.5
1445272200000	40.94
1445272260000	52.78
1445272320000	44.13333333333333
1445272380000	44.12
1445272440000	43.32
1445272500000	58.54
1445272560000	59.52
1445272620000	64.21818181818182
1445272680000	69.76
1445272740000	60.68
1445272800000	89.24
1445272860000	91.94
1445272920000	89.04444444444445
1445272980000	76.74
1445273040000	77.12
1445273100000	95.94
1445273160000	97.2
1445273220000	101.22
1445273280000	110.7
1445273340000	92.64
1445273400000	128.4
1445273460000	114.66666666666667
1445273520000	110.42
1445273580000	111.8
1445273640000	108.5
1445273700000	138.52
1445273760000	133.96363636363637
1445273820000	125.76
1445273880000	140.54
1445273940000	135.58
1445274000000	143.4
1445274060000	129.6
1445274120000	126.48
1445274180000	123.34
1445274240000	117
1445274300000	129.56363636363636
1445274360000	118.74
1445274420000	110.34
1445274480000	115.68
1445274540000	103.22
1445274600000	122.33333333333333
1445274660000	110.94
1445274720000	117.14
1445274780000	112.42
1445274840000	96.52
1445274900000	96.58181818181818
1445274960000	75.58
1445275020000	79.8
1445275080000	78.92
1445275140000	78.3
1445275200000	90.44444444444444
1445275260000	72.6
1445275320000	61.76
1445275380000	61.76
1445275440000	56.8
1445275500000	54.8
1445275560000	45.96
1445275620000	47.84
1445275680000	58.5
1445275740000	51.13333333333333
1445275800000	43.1
1445275860000	45.44
1445275920000	44.48
1445275980000	45.14
1445276040000	43.43636363636364
1445276100000	65.26
1445276160000	51.4
1445276220000	44.84
1445276280000	42.77777777777778
1445276340000	38.38
1445276400000	74.36
1445276460000	87.12
1445276520000	91.92
1445276580000	92.98181818181818
1445276640000	93.32
1445276700000	101.4
1445276760000	92.34
1445276820000	90.46
1445276880000	99.33333333333333
1445276940000	89.72
1445277000000	122.46
1445277060000	125.14
1445277120000	125.67272727272727
1445277180000	123.74
1445277240000	114.5
1445277300000	136.84
1445277360000	127.7
1445277420000	139.86666666666667
1445277480000	148.58
1445277540000	155.12
1445277600000	166.66
1445277660000	162.3
1445277720000	145.12727272727273
1445277780000	143.42
1445277840000	147.28
1445277900000	145.84
1445277960000	121.2
1445278020000	129.06
1445278080000	112.66
1445278140000	124.7
1445278200000	129.94
1445278260000	100.05454545454545
1445278320000	106.84
1445278380000	96.92
1445278440000	99.96
1445278500000	91.54
1445278560000	84.95555555555555
1445278620000	94.88
1445278680000	90.88
1445278740000	87.86
1445278800000	90.18
1445278860000	65.44
1445278920000	63.92
1445278980000	56.94
1445279040000	65.34
1445279100000	70.91111111111111
1445279160000	57.58
1445279220000	49.72
1445279280000	45.04
1445279340000	38.18
1445279400000	45.4
1445279460000	56.42
1445279520000	41.12
1445279580000	49.96
1445279640000	44.14
1445279700000	62.333333333333336
1445279760000	66.12
1445279820000	66.44
1445279880000	71.6
1445279940000	71.96363636363637
1445280000000	93.2
1445280060000	95.74
1445280120000	99.12
1445280180000	84.6
1445280240000	85.46666666666667
1445280300000	102.14
1445280360000	102.16
1445280420000	103.5
1445280480000	106.98
1445280540000	104.45454545454545
1445280600000	126.68
1445280660000	126.26
1445280720000	126.94
1445280780000	124.6
1445280840000	113.325
1445280900000	126.92
1445280960000	135.96
1445281020000	125.14
1445281080000	143.07272727272726
1445281140000	138.72
1445281200000	146.3
1445281260000	125.06
1445281320000	124.16
1445281380000	126.82222222222222
1445281440000	127.9
1445281500000	129.18
1445281560000	101.02
1445281620000	104.68
1445281680000	105.25454545454545
1445281740000	106.66
1445281800000	120.42
1445281860000	123.86
1445281920000	123.45
1445281980000	106.28
1445282040000	90.14
1445282100000	97.88
1445282160000	68.8
1445282220000	73.54545454545455
1445282280000	71.86
1445282340000	77.8
1445282400000	84.06
1445282460000	74.48
1445282520000	64.66666666666667
1445282580000	52.98
1445282640000	53.18
1445282700000	54.32
1445282760000	36.1
1445282820000	43.48
1445282880000	57.28
1445282940000	49.84
1445283000000	57.2
1445283060000	49.53333333333333
1445283120000	46.38
1445283180000	48.84
1445283240000	48.98
1445283300000	66.96
1445283360000	37.90909090909091
1445283420000	42.38
1445283480000	44.58
1445283540000	44.04
1445283600000	80.16
1445283660000	99.375
1445283720000	98.38
1445283780000	94.46
1445283840000	94.36
1445283900000	115.64
1445283960000	97.3
1445284020000	95.48
1445284080000	94.2
1445284140000	95.82
1445284200000	113.33333333333333
1445284260000	121.58
1445284320000	126.68
1445284380000	128.98
1445284440000	115.04
1445284500000	121.38181818181818
1445284560000	131.18
1445284620000	134.92
1445284680000	133.9
1445284740000	133.02
1445284800000	136.65
1445284860000	136.62
1445284920000	129.88
1445284980000	127.26
1445285040000	128.98181818181817
1445285100000	116.9
1445285160000	115.86
1445285220000	123.46
1445285280000	126.98
1445285340000	123.95555555555555
1445285400000	114.98
1445285460000	94.5
1445285520000	95.34
1445285580000	95.64
1445285640000	107.22
1445285700000	105.12
1445285760000	77.18
1445285820000	86.3
1445285880000	89.02222222222223
1445285940000	75.1
1445286000000	75.76
1445286060000	61.26
1445286120000	52.38181818181818
1445286180000	56.64
1445286240000	63.84
1445286300000	67.16
1445286360000	44.42
1445286420000	43
1445286480000	45.46
1445286540000	47.18
1445286600000	46.36
1445286660000	58.32
1445286720000	55.527272727272724
1445286780000	48.68
1445286840000	51.54
1445286900000	57.78
1445286960000	56.46
1445287020000	72.575
1445287080000	64.78
1445287140000	70.24
1445287200000	93.74
1445287260000	85.2909090909091
1445287320000	92.74
1445287380000	79.88
1445287440000	82.86
1445287500000	102.26
1445287560000	96.68888888888888
1445287620000	100.04
1445287680000	92.4
1445287740000	100.58
1445287800000	122.86
1445287860000	117.43636363636364
1445287920000	118.94
1445287980000	122.44
1445288040000	102.08
1445288100000	136.78
1445288160000	138.86666666666667
1445288220000	140.68
1445288280000	128.34
1445288340000	143.82
1445288400000	151.56363636363636
1445288460000	132.64
1445288520000	135.24
1445288580000	120.72
1445288640000	134.8
1445288700000	128.53333333333333
1445288760000	131.08
1445288820000	129.58
1445288880000	111.24
1445288940000	102.2
1445289000000	122.52
1445289060000	120.86
1445289120000	120.54
1445289180000	111.92
1445289240000	94.4
1445289300000	93.1
1445289360000	77.04
1445289420000	79.78
1445289480000	78.54
1445289540000	79.21818181818182
1445289600000	79.2
1445289660000	68.82
1445289720000	57.52
1445289780000	52.84
1445289840000	61.45
1445289900000	64.18
1445289960000	38.52
1445290020000	41.46
1445290080000	52.163636363636364
1445290140000	51.84
1445290200000	37.46
1445290260000	46.84
1445290320000	46.04
1445290380000	48.733333333333334
1445290440000	46.22
1445290500000	57.56
1445290560000	37.62
1445290620000	35.03636363636364
1445290680000	36.36
1445290740000	37.62
1445290800000	74.6
1445290860000	92.4
1445290920000	92.84444444444445
1445290980000	94.32
1445291040000	93.72
1445291100000	103.76
1445291160000	90.9
1445291220000	100.03636363636363
1445291280000	98.78
1445291340000	104.98
1445291400000	117.68
1445291460000	104.86
1445291520000	124.75
1445291580000	127.76
1445291640000	123.46
1445291700000	136.44
1445291760000	129.63636363636363
1445291820000	144.06
1445291880000	154.7
1445291940000	144.38
1445292000000	159.32
1445292060000	134.17777777777778
1445292120000	151.82
1445292180000	146.16
1445292240000	148.1
1445292300000	148.64
1445292360000	108.72
1445292420000	132.02
1445292480000	125.52
1445292540000	127.72
1445292600000	120.2
1445292660000	102.35
1445292720000	99.88
1445292780000	103
1445292840000	91.82
1445292900000	90.12727272727273
1445292960000	71.62
1445293020000	77.26
1445293080000	85.74
1445293140000	75.82
1445293200000	73.4888888888889
1445293260000	52.88
1445293320000	49.46
1445293380000	51.88
1445293440000	57.14545454545455
1445293500000	57.22
1445293560000	49.62
1445293620000	50.9
1445293680000	44.44
1445293740000	39.2
1445293800000	37.8
1445293860000	52.54
1445293920000	47.72
1445293980000	43.24
1445294040000	38.81818181818182
1445294100000	65.38
1445294160000	69.06
1445294220000	71
1445294280000	68.08
1445294340000	60.25
1445294400000	82.88
1445294460000	88.94
1445294520000	91.62
1445294580000	74.9090909090909
1445294640000	70.98
1445294700000	96.9
1445294760000	96.28
1445294820000	87.56
1445294880000	100.46666666666667
1445294940000	107.48
1445295000000	127.24
1445295060000	121.06
1445295120000	114.54
1445295180000	118.9
1445295240000	120.96
1445295300000	129.64
1445295360000	135.74
1445295420000	116.35555555555555
1445295480000	138.7
1445295540000	136.4
1445295600000	147.32
1445295660000	124.05454545454545
1445295720000	117.88
1445295780000	126.92
1445295840000	122.2
1445295900000	122.74
1445295960000	118.53333333333333
1445296020000	125.18
1445296080000	109.38
1445296140000	102.54
1445296200000	118.38181818181818
1445296260000	125.78
1445296320000	117.04
1445296380000	114.36
1445296440000	90.68
1445296500000	92.37777777777778
1445296560000	71.54
1445296620000	79.4
1445296680000	76.62
1445296740000	81.04
1445296800000	85.10909090909091
1445296860000	79.64
1445296920000	65.66
1445296980000	63.9
1445297040000	56.8
1445297100000	52.86
1445297160000	37.68
1445297220000	36.92
1445297280000	40.82
1445297340000	50.09090909090909
1445297400000	61.68
1445297460000	46.72
1445297520000	54.66
1445297580000	57.12
1445297640000	51.51111111111111
1445297700000	58.1
1445297760000	57.66
1445297820000	37.78
1445297880000	40.42
1445297940000	43.56
1445298000000	74.22
1445298060000	92
1445298120000	86.44
1445298180000	92.91111111111111
1445298240000	93.24
1445298300000	111.42
1445298360000	88.9
1445298420000	95.28
1445298480000	85.74545454545455
1445298540000	95.42
1445298600000	119.02
1445298660000	122.56
1445298720000	121.66
1445298780000	124.77777777777777
1445298840000	115.96
1445298900000	127.96
1445298960000	126.46
1445299020000	134.72727272727272
1445299080000	121.7
1445299140000	133.54
1445299200000	155.08
1445299260000	129.22
1445299320000	131.77777777777777
1445299380000	112.8
1445299440000	123.52
1445299500000	122.72
1445299560000	110.28
1445299620000	118.16
1445299680000	114.38
1445299740000	117.88
1445299800000	119.54
1445299860000	96.775
1445299920000	95.16
1445299980000	92.98
1445300040000	97.66
1445300100000	99.38
1445300160000	73.87272727272727
1445300220000	82.62
1445300280000	81.98
1445300340000	74.68
1445300400000	71.72
1445300460000	54.15555555555556
1445300520000	47.74
1445300580000	53.36
1445300640000	53.92
1445300700000	54.6
1445300760000	35.56
1445300820000	54.48
1445300880000	36.6
1445300940000	36.18
1445301000000	45.82222222222222
1445301060000	60.42
1445301120000	51.88
1445301180000	55.18
1445301240000	55.76
1445301300000	61.654545454545456
1445301360000	64.46
1445301420000	72.12
1445301480000	68.22
1445301540000	70.22222222222223
1445301600000	91.66
1445301660000	92.18
1445301720000	92
1445301780000	69.36
1445301840000	70.2909090909091
1445301900000	96
1445301960000	96
1445302020000	95.46
1445302080000	99.5
1445302140000	95
1445302200000	129.24
1445302260000	127.7
1445302320000	119.64
1445302380000	117.54
1445302440000	107.54545454545455
1445302500000	126.24
1445302560000	133.78
1445302620000	131.1
1445302680000	131.2
1445302740000	140.02
1445302800000	148.74
1445302860000	126.92
1445302920000	128.9
1445302980000	112.67272727272727
1445303040000	124.08
1445303100000	126.56
1445303160000	115.32
1445303220000	131.025
1445303280000	103.86
1445303340000	101
1445303400000	119.28
1445303460000	118.64
1445303520000	123.65454545454546
1445303580000	109.24
1445303640000	90.68
1445303700000	87.66
1445303760000	73.3
1445303820000	75.875
1445303880000	77.46
1445303940000	65.94
1445304000000	90.72
1445304060000	65.78181818181818
1445304120000	72.62
1445304180000	66.72
1445304240000	62.24
1445304300000	59.56
1445304360000	37.37777777777778
1445304420000	43.42
1445304480000	47.76
1445304540000	55.2
1445304600000	57.76
1445304660000	46.92
1445304720000	44.06
1445304780000	49.22
1445304840000	44.74
1445304900000	56.31111111111111
1445304960000	48.16
1445305020000	37
1445305080000	38.7
1445305140000	37.58
1445305200000	70.32727272727273
1445305260000	90.18
1445305320000	84.6
1445305380000	89.72
1445305440000	93.16
1445305500000	110.2
1445305560000	91.64
1445305620000	91
1445305680000	88.76
1445305740000	99.44
1445305800000	117.49090909090908
1445305860000	122.3
1445305920000	121.3
1445305980000	126.58
1445306040000	121.94
1445306100000	128.45
1445306160000	129.38
1445306220000	126.54
1445306280000	127.2
1445306340000	133.83636363636364
1445306400000	156.14
1445306460000	128.6
1445306520000	143.98
1445306580000	125.86
1445306640000	121.88888888888889
1445306700000	122.84
1445306760000	111.28
1445306820000	118.44
1445306880000	102.74
1445306940000	115.6
1445307000000	122.64
1445307060000	108.08
1445307120000	95.28
1445307180000	90.55555555555556
1445307240000	94.84
1445307300000	92.04
1445307360000	75.82
1445307420000	77.92
1445307480000	84.6
1445307540000	96.56
1445307600000	76.02
1445307660000	57.98
1445307720000	58.16
1445307780000	54
1445307840000	50.62
1445307900000	54.64
1445307960000	35.68
1445308020000	45.472727272727276
1445308080000	49.88
1445308140000	46.66
1445308200000	53.04
1445308260000	61.08
1445308320000	46.71111111111111
1445308380000	46.9
1445308440000	46.52
1445308500000	57.12
1445308560000	55.12
1445308620000	59.45454545454545
1445308680000	74.08
1445308740000	71.98
1445308800000	91.14
1445308860000	93.82222222222222
1445308920000	89.96
1445308980000	71.7
1445309040000	69.82
1445309100000	91.8
1445309160000	93.63636363636364
1445309220000	87.8
1445309280000	93.58
1445309340000	98.14
1445309400000	121.98
1445309460000	126.95
1445309520000	123.3
1445309580000	118.86
1445309640000	103.54
1445309700000	127.83636363636364
1445309760000	127.14
1445309820000	136.68
1445309880000	133.14
1445309940000	139.88
1445310000000	160.51111111111112
1445310060000	133.26
1445310120000	132.12
1445310180000	114.6
1445310240000	122.30909090909091
1445310300000	120.98
1445310360000	116.22
1445310420000	117.2
1445310480000	124.72
1445310540000	94.24444444444444
1445310600000	103.12
1445310660000	104.18
1445310720000	99.42
1445310780000	104.48
1445310840000	76.1
1445310900000	77.38
1445310960000	58.92
1445311020000	60.04
1445311080000	63.32
1445311140000	72.8
1445311200000	75.93333333333334
1445311260000	56.86
1445311320000	55.08
1445311380000	62.98
1445311440000	54.96
1445311500000	41.54545454545455
1445311560000	34.56
1445311620000	33.52
1445311680000	35.64
1445311740000	34.6
1445311800000	30.355555555555554
1445311860000	33.06
1445311920000	41.42
1445311980000	28.22
1445312040000	30.66
1445312100000	48.54
1445312160000	50.18181818181818
1445312220000	61.82
1445312280000	36
1445312340000	44.74
1445312400000	62.76
1445312460000	81.84444444444445
1445312520000	80.72
1445312580000	79.4
1445312640000	84.14
1445312700000	92.26
1445312760000	79.16363636363636
1445312820000	80.3
1445312880000	78.32
1445312940000	80.98
1445313000000	103.36
1445313060000	87.75555555555556
1445313120000	96.84
1445313180000	104.2
1445313240000	105.4
1445313300000	118.61818181818182
1445313360000	103.88
1445313420000	113.76
1445313480000	117.88
1445313540000	113.58
1445313600000	95.62
1445313660000	15.844444444444445
1445313720000	21.48
1445313780000	24.7
1445313840000	7.24
1445313900000	0.4
1445313960000	0.36
1445314020000	0.38181818181818183
1445314080000	0.4
1445314140000	0.4
