time	derivative
1445261400000	3.12
1445261460000	10.66
1445261520000	11.72
1445261580000	31.62
1445261640000	34.31111111111111
1445261700000	46.58
1445261760000	39.04
1445261820000	38.82
1445261880000	38.44
1445261940000	40.61818181818182
1445262000000	83.68
1445262060000	98.5
1445262120000	96.26
1445262180000	104
1445262240000	100.71111111111111
1445262300000	101.82
1445262360000	98.94
1445262420000	101.32
1445262480000	91.84
1445262540000	104.98181818181818
1445262600000	114.18
1445262660000	128.14
1445262720000	124.68
1445262780000	117.75
1445262840000	112.86
1445262900000	131.52
1445262960000	118.12
1445263020000	143.9
1445263080000	136.54545454545453
1445263140000	144.18
1445263200000	151.64
1445263260000	130.58
1445263320000	137.68
1445263380000	123.075
1445263440000	126.68
1445263500000	133.56
1445263560000	106.8
1445263620000	112.4
1445263680000	102.96
1445263740000	112.7
1445263800000	107.5
1445263860000	97.225
1445263920000	98.7
1445263980000	98.18
1445264040000	99.18
1445264100000	99.58181818181818
1445264160000	87.56
1445264220000	83.66
1445264280000	77.84
1445264340000	83.58
1445264400000	77.4
1445264460000	60.22
1445264520000	64.92
1445264580000	65.98
1445264640000	68.36
1445264700000	64.6
1445264760000	35.58
1445264820000	37.24
1445264880000	34.5
1445264940000	41.86666666666667
1445265000000	58.6
1445265060000	47.86
1445265120000	51.18
1445265180000	51.88
1445265240000	50.38181818181818
1445265300000	71.54
1445265360000	70.04
1445265420000	70.62
1445265480000	74.18
1445265540000	61.17777777777778
1445265600000	97.56
1445265660000	99.6
1445265720000	81.06
1445265780000	74.2
1445265840000	81.24
1445265900000	99.06
1445265960000	98.88
1445266020000	100.92
1445266080000	111.6
1445266140000	103.06
1445266200000	115.28
1445266260000	106.72
1445266320000	105.58
1445266380000	112.92727272727272
1445266440000	111.62
1445266500000	135.22
1445266560000	144.3
1445266620000	144.82
1445266680000	145.225
1445266740000	129.66
1445266800000	148.16
1445266860000	127.44
1445266920000	123.98181818181818
1445266980000	133.24
1445267040000	138.24
1445267100000	136.16
1445267160000	121.94
1445267220000	127.37777777777778
1445267280000	130.7
1445267340000	123.42
1445267400000	124.02
1445267460000	121.46
1445267520000	113.04
1445267580000	113.36
1445267640000	90.4
1445267700000	94.12
1445267760000	78.68888888888888
1445267820000	75.24
1445267880000	87.58
1445267940000	81.32
1445268000000	92.24
1445268060000	67.14545454545454
1445268120000	64.18
1445268180000	55.7
1445268240000	52.64
1445268300000	56.06
1445268360000	33.575
1445268420000	38.52
1445268480000	49.4
1445268540000	47.76
1445268600000	46.29090909090909
1445268660000	52.3
1445268720000	58.72
1445268780000	54.92
1445268840000	54.46
1445268900000	66.77777777777777
1445268960000	46.58
1445269020000	43.44
1445269080000	45.22
1445269140000	46.38
1445269200000	80.4
1445269260000	102.9
1445269320000	100.44
1445269380000	96.4
1445269440000	92.82
1445269500000	112.37777777777778
1445269560000	107
1445269620000	103.44
1445269680000	104.06
1445269740000	92.92
1445269800000	113.50909090909092
1445269860000	127.24
1445269920000	120.18
1445269980000	123.42
1445270040000	121.93333333333334
1445270100000	138.2
1445270160000	132.5
1445270220000	131.16
1445270280000	122.74
1445270340000	141.92727272727274
1445270400000	166.5
1445270460000	147.74
1445270520000	134.82
1445270580000	132.92
1445270640000	133.775
1445270700000	125.58
1445270760000	107.76
1445270820000	120.1
1445270880000	127.72727272727273
1445270940000	133.44
1445271000000	121.92
1445271060000	93.22
1445271120000	96.5
1445271180000	92.85
1445271240000	108.5
1445271300000	92.46
1445271360000	89.64
1445271420000	91.18
1445271480000	86.32727272727273
1445271540000	81.58
1445271600000	75.58
1445271660000	53.9
1445271720000	64.02
1445271780000	69.075
1445271840000	72.8
1445271900000	66.34
1445271960000	49.84
1445272020000	43.06
1445272080000	36.14
1445272140000	36.52
1445272200000	43.4
1445272260000	51.64
1445272320000	41.31111111111111
1445272380000	54.54
1445272440000	54.1
1445272500000	70.08
1445272560000	65.8
1445272620000	72.89090909090909
1445272680000	65.86
1445272740000	72.6
1445272800000	101.02
1445272860000	100.98
1445272920000	100
1445272980000	75.1
1445273040000	74.54
1445273100000	93.1
1445273160000	90.06
1445273220000	98.16
1445273280000	94.04
1445273340000	103.36
1445273400000	131.08
1445273460000	117.84444444444445
1445273520000	117.84
1445273580000	121.18
1445273640000	118.2
1445273700000	157.68
1445273760000	131.83636363636364
1445273820000	154.92
1445273880000	158.32
1445273940000	154.98
1445274000000	151.34
1445274060000	145.15
1445274120000	154.46
1445274180000	141.58
1445274240000	147.4
1445274300000	148.21818181818182
1445274360000	164.12
1445274420000	137.86
1445274480000	170.96
1445274540000	107.18
1445274600000	109.75555555555556
1445274660000	127.1
1445274720000	125.66
1445274780000	117.52
1445274840000	92.12
1445274900000	93.36363636363636
1445274960000	75.94
1445275020000	82.1
1445275080000	84.16
1445275140000	81.82
1445275200000	96.35555555555555
1445275260000	77.58
1445275320000	61.88
1445275380000	55.14
1445275440000	53.10909090909091
1445275500000	62.9
1445275560000	37.36
1445275620000	36.34
1445275680000	39.1
1445275740000	51.82222222222222
1445275800000	55.06
1445275860000	46.38
1445275920000	53.94
1445275980000	56.78
1445276040000	48.61818181818182
1445276100000	67.28
1445276160000	51.92
1445276220000	45.2
1445276280000	42.888888888888886
1445276340000	45.72
1445276400000	71.34
1445276460000	98.82
1445276520000	97.84
1445276580000	102.83636363636364
1445276640000	100.44
1445276700000	102.12
1445276760000	94.82
1445276820000	98.98
1445276880000	86.86666666666666
1445276940000	98.44
1445277000000	116.38
1445277060000	123.58
1445277120000	123.41818181818182
1445277180000	123.12
1445277240000	110.7
1445277300000	119.3
1445277360000	140.9
1445277420000	133.62222222222223
1445277480000	138.52
1445277540000	135.64
1445277600000	159.72
1445277660000	141.82
1445277720000	128.3272727272727
1445277780000	131.96
1445277840000	132.86
1445277900000	144.08
1445277960000	118.875
1445278020000	119.14
1445278080000	109.38
1445278140000	135
1445278200000	124.78
1445278260000	104.14545454545454
1445278320000	97.28
1445278380000	98.56
1445278440000	91.5
1445278500000	107.22
1445278560000	83.75555555555556
1445278620000	84.66
1445278680000	90.42
1445278740000	81.62
1445278800000	71.96
1445278860000	52.8
1445278920000	61.5
1445278980000	63.26
1445279040000	68.16
1445279100000	65.11111111111111
1445279160000	53.88
1445279220000	52.4
1445279280000	44.12
1445279340000	51.42
1445279400000	53.163636363636364
1445279460000	51.12
1445279520000	45.84
1445279580000	47.5
1445279640000	54.52
1445279700000	68.4
1445279760000	72.58
1445279820000	71.32
1445279880000	69.32
1445279940000	65.50909090909092
1445280000000	92.46
1445280060000	96.2
1445280120000	97.4
1445280180000	82.76
1445280240000	81.88888888888889
1445280300000	92.06
1445280360000	96.32
1445280420000	97.56
1445280480000	104.3
1445280540000	106.78181818181818
1445280600000	118.2
1445280660000	126.14
1445280720000	118.96
1445280780000	114.1
1445280840000	113.75
1445280900000	139.56
1445280960000	134.1
1445281020000	145.3
1445281080000	160.6
1445281140000	155.6
1445281200000	155.04
1445281260000	137.76
1445281320000	143.4
1445281380000	152.48888888888888
1445281440000	151.42
1445281500000	144.04
1445281560000	143.54
1445281620000	141.54
1445281680000	151.8181818181818
1445281740000	129.42
1445281800000	128.5
1445281860000	122.84
1445281920000	110.3
1445281980000	125.56
1445282040000	98.76
1445282100000	97.86
1445282160000	75.7
1445282220000	88.89090909090909
1445282280000	93.72
1445282340000	96.04
1445282400000	94.7
1445282460000	75.02
1445282520000	70.02222222222223
1445282580000	66.28
1445282640000	65.36
1445282700000	63.74
1445282760000	44.4
1445282820000	49.96
1445282880000	53.02
1445282940000	48.54
1445283000000	38.32
1445283060000	53.333333333333336
1445283120000	48.7
1445283180000	45.68
1445283240000	47.5
1445283300000	63.02
1445283360000	41.8
1445283420000	40.28
1445283480000	37.86
1445283540000	37.52
1445283600000	82.72
1445283660000	99.4
1445283720000	101.34
1445283780000	92.98
1445283840000	101.34
1445283900000	113.78
1445283960000	99.3
1445284020000	101.66
1445284080000	103.5
1445284140000	87.38
1445284200000	127.84444444444445
1445284260000	119.08
1445284320000	121.2
1445284380000	126.98
1445284440000	111.28
1445284500000	130.92727272727274
1445284560000	132.24
1445284620000	140.2
1445284680000	138.22
1445284740000	144.78
1445284800000	166.375
1445284860000	148.04
1445284920000	141.04
1445284980000	144.9
1445285040000	126.50909090909092
1445285100000	148.92
1445285160000	132.62
1445285220000	125.48
1445285280000	133.16
1445285340000	126.46666666666667
1445285400000	118.72
1445285460000	98.98
1445285520000	100.02
1445285580000	105.6
1445285640000	103.5
1445285700000	99.38
1445285760000	75.08
1445285820000	94.1
1445285880000	99.71111111111111
1445285940000	76.64
1445286000000	72.78
1445286060000	55.24
1445286120000	58.03636363636364
1445286180000	57.64
1445286240000	59.92
1445286300000	66.88
1445286360000	56.4
1445286420000	43.4
1445286480000	39.5
1445286540000	39.72
1445286600000	41.82
1445286660000	48.78
1445286720000	55.07272727272727
1445286780000	48.16
1445286840000	50.9
1445286900000	73.56
1445286960000	68.1
1445287020000	63.125
1445287080000	61.34
1445287140000	64.76
1445287200000	100.18
1445287260000	93.30909090909091
1445287320000	97.9
1445287380000	74.2
1445287440000	78.28
1445287500000	95.62
1445287560000	93.28888888888889
1445287620000	99.82
1445287680000	98.54
1445287740000	111.92
1445287800000	129.62
1445287860000	127.56363636363636
1445287920000	117.28
1445287980000	103.8
1445288040000	116.04
1445288100000	138.48
1445288160000	143.95555555555555
1445288220000	139.88
1445288280000	130.42
1445288340000	138.32
1445288400000	148.12727272727273
1445288460000	130.84
1445288520000	131.5
1445288580000	129.6
1445288640000	130.04
1445288700000	129.35555555555555
1445288760000	119.2
1445288820000	115.34
1445288880000	107.04
1445288940000	96.16363636363636
1445289000000	128.06
1445289060000	127.86
1445289120000	132.54
1445289180000	109.44
1445289240000	96.73333333333333
1445289300000	100.06
1445289360000	73.4
1445289420000	77.44
1445289480000	88.24
1445289540000	79.72727272727273
1445289600000	98.24
1445289660000	82.3
1445289720000	72.3
1445289780000	59.18
1445289840000	58.575
1445289900000	56.1
1445289960000	38.78
1445290020000	39.56
1445290080000	52.27272727272727
1445290140000	52.58
1445290200000	41.42
1445290260000	44.76
1445290320000	45.92
1445290380000	46.75555555555555
1445290440000	52.58
1445290500000	66.72
1445290560000	43.78
1445290620000	41
1445290680000	46.24
1445290740000	44.06
1445290800000	81.34
1445290860000	96.92
1445290920000	103.66666666666667
1445290980000	101.36
1445291040000	93.92
1445291100000	117.98
1445291160000	93.1
1445291220000	93.87272727272727
1445291280000	96.22
1445291340000	96.8
1445291400000	106.84
1445291460000	118.34
1445291520000	139.675
1445291580000	130.8
1445291640000	115.64
1445291700000	131.42
1445291760000	124.07272727272728
1445291820000	132.62
1445291880000	135.64
1445291940000	136.02
1445292000000	164.26
1445292060000	147.88888888888889
1445292120000	144.66
1445292180000	132.54
1445292240000	135.52
1445292300000	118.42
1445292360000	112.2
1445292420000	117.46
1445292480000	114.68
1445292540000	124.06
1445292600000	115.68
1445292660000	102.525
1445292720000	107
1445292780000	104.7
1445292840000	101.56
1445292900000	103.43636363636364
1445292960000	87.86
1445293020000	90.88
1445293080000	96.14
1445293140000	90.04
1445293200000	83.8
1445293260000	69.08
1445293320000	65.68
1445293380000	67.64
1445293440000	69.25454545454545
1445293500000	75.46
1445293560000	56.36
1445293620000	54.64
1445293680000	46.84
1445293740000	45.84444444444444
1445293800000	48.46
1445293860000	53.74
1445293920000	54.96
1445293980000	56.78
1445294040000	51.58181818181818
1445294100000	72.36
1445294160000	66.98
1445294220000	72.98
1445294280000	73.86
1445294340000	69.125
1445294400000	88.12
1445294460000	98.96
1445294520000	99.8
1445294580000	87
1445294640000	85.78
1445294700000	95
1445294760000	89.04
1445294820000	108.54
1445294880000	106.68888888888888
1445294940000	108
1445295000000	130.1
1445295060000	126.78
1445295120000	113.98
1445295180000	117.88
1445295240000	115.3
1445295300000	138.66
1445295360000	147.88
1445295420000	134.0888888888889
1445295480000	161.34
1445295540000	158.98
1445295600000	162.44
1445295660000	131.14545454545456
1445295720000	148.88
1445295780000	142.84
1445295840000	152.98
1445295900000	151.54
1445295960000	142.8
1445296020000	153.74
1445296080000	163.54
1445296140000	103.1
1445296200000	122.36363636363636
1445296260000	119.38
1445296320000	125.7
1445296380000	123.62
1445296440000	91.38
1445296500000	96.53333333333333
1445296560000	81.56
1445296620000	80.6
1445296680000	83.24
1445296740000	91.86
1445296800000	94.85454545454546
1445296860000	81.2
1445296920000	72.28
1445296980000	72.52
1445297040000	53.333333333333336
1445297100000	58.26
1445297160000	41.06
1445297220000	48.3
1445297280000	49.68
1445297340000	49.345454545454544
1445297400000	51.22
1445297460000	39.62
1445297520000	48.28
1445297580000	52.1
1445297640000	51.75555555555555
1445297700000	74.04
1445297760000	64.56
1445297820000	44.1
1445297880000	42.12
1445297940000	41.94
1445298000000	82.1
1445298060000	92.4
1445298120000	103.8
1445298180000	104.53333333333333
1445298240000	100.82
1445298300000	120.6
1445298360000	97.94
1445298420000	96.44
1445298480000	92.81818181818181
1445298540000	106.1
1445298600000	116.92
1445298660000	124.04
1445298720000	120.54
1445298780000	119
1445298840000	118.78
1445298900000	141.44
1445298960000	146.24
1445299020000	143.29090909090908
1445299080000	140.3
1445299140000	157.08
1445299200000	161.08
1445299260000	156.68
1445299320000	148.26666666666668
1445299380000	138
1445299440000	146.92
1445299500000	146.34
1445299560000	126.62
1445299620000	117.4
1445299680000	130.4
1445299740000	140.74
1445299800000	133.62
1445299860000	107.3
1445299920000	101.36
1445299980000	109.58
1445300040000	104.74
1445300100000	105.16
1445300160000	82.21818181818182
1445300220000	93.4
1445300280000	86.98
1445300340000	99.4
1445300400000	82.24
1445300460000	64.62222222222222
1445300520000	64.56
1445300580000	71.66
1445300640000	65.44
1445300700000	71.41818181818182
1445300760000	50.76
1445300820000	61.88
1445300880000	52.88
1445300940000	54.02
1445301000000	45.577777777777776
1445301060000	51.12
1445301120000	43.18
1445301180000	44.92
1445301240000	47.62
1445301300000	67.05454545454545
1445301360000	71.34
1445301420000	76.24
1445301480000	72.3
1445301540000	70.62222222222222
1445301600000	94.82
1445301660000	100.12
1445301720000	92.48
1445301780000	91.68
1445301840000	81.6
1445301900000	99.96
1445301960000	97.16
1445302020000	98.76
1445302080000	102.2
1445302140000	103.4888888888889
1445302200000	136.6
1445302260000	133.4
1445302320000	120.92
1445302380000	123.48
1445302440000	111.67272727272727
1445302500000	143.08
1445302560000	146.76
1445302620000	150.14
1445302680000	141.46666666666667
1445302740000	165.36
1445302800000	166.64
1445302860000	143.06
1445302920000	152.84
1445302980000	147.61818181818182
1445303040000	151.94
1445303100000	154.46
1445303160000	148.26
1445303220000	172.1
1445303280000	160.46
1445303340000	107.26
1445303400000	110.84
1445303460000	127.88
1445303520000	119.38181818181818
1445303580000	126.82
1445303640000	91.12
1445303700000	91.84
1445303760000	79.96
1445303820000	86.8
1445303880000	81.02
1445303940000	85.76
1445304000000	98.06
1445304060000	83.52727272727273
1445304120000	78.18
1445304180000	72.56
1445304240000	67.08
1445304300000	66.52
1445304360000	31.822222222222223
1445304420000	44.94
1445304480000	56.66
1445304540000	50.24
1445304600000	52.12
1445304660000	55.42
1445304720000	50.76
1445304780000	57.16
1445304840000	52.04
1445304900000	69.17777777777778
1445304960000	57.06
1445305020000	45.38
1445305080000	46.06
1445305140000	42.7
1445305200000	73.98181818181818
1445305260000	94.06
1445305320000	91.56
1445305380000	99.12
1445305440000	100.22
1445305500000	115.33333333333333
1445305560000	101.92
1445305620000	104.78
1445305680000	90.68
1445305740000	97.92
1445305800000	112.8
1445305860000	118.5
1445305920000	123.4
1445305980000	117.24
1445306040000	129.68
1445306100000	137.65
1445306160000	138.72
1445306220000	141.76
1445306280000	137.6
1445306340000	150.92727272727274
1445306400000	160.82
1445306460000	148.66
1445306520000	159.2
1445306580000	140.36
1445306640000	141.73333333333332
1445306700000	140.7
1445306760000	126.98
1445306820000	117.92
1445306880000	120.14
1445306940000	127.62
1445307000000	132.8
1445307060000	111.72
1445307120000	88.8
1445307180000	101.86666666666666
1445307240000	109.06
1445307300000	108.58
1445307360000	82.9
1445307420000	92.2
1445307480000	87.41818181818182
1445307540000	99.08
1445307600000	90.24
1445307660000	65.24
1445307720000	67.28
1445307780000	67.35
1445307840000	69.34
1445307900000	66.34
1445307960000	53.02
1445308020000	54.56363636363636
1445308080000	46.68
1445308140000	41.78
1445308200000	48.82
1445308260000	50.02
1445308320000	44.75555555555555
1445308380000	50.14
1445308440000	46.18
1445308500000	74.82
1445308560000	72.5
1445308620000	75.76363636363637
1445308680000	70.42
1445308740000	69.9
1445308800000	96.76
1445308860000	96.08888888888889
1445308920000	93.82
1445308980000	89.64
1445309040000	85.38
1445309100000	102.8
1445309160000	98.4
1445309220000	94.48
1445309280000	94.16
1445309340000	110.26
1445309400000	121.06
1445309460000	135.825
1445309520000	128.94
1445309580000	124.3
1445309640000	118.66
1445309700000	143.5818181818182
1445309760000	135.34
1445309820000	153.28
1445309880000	136.46
1445309940000	165.72
1445310000000	162.48888888888888
1445310060000	153.16
1445310120000	146.66
1445310180000	142.26
1445310240000	145.3090909090909
1445310300000	142.66
1445310360000	132.6
1445310420000	131.48
1445310480000	175.62
1445310540000	130.53333333333333
1445310600000	111.52
1445310660000	132.32
1445310720000	136.14
1445310780000	151.28
1445310840000	103.46
1445310900000	95.62
1445310960000	77.82
1445311020000	69.84
1445311080000	81.9
1445311140000	83.96
1445311200000	88.84444444444445
1445311260000	72.56
1445311320000	72.12
1445311380000	80.88
1445311440000	72.62
1445311500000	56.4
1445311560000	38.62
1445311620000	44.04
1445311680000	46.22
1445311740000	42.76
1445311800000	49.75555555555555
1445311860000	45.6
1445311920000	49.62
1445311980000	40.28
1445312040000	50.8
1445312100000	71.9
1445312160000	67.92727272727272
1445312220000	77.16
1445312280000	43.74
1445312340000	51.1
1445312400000	75.06
1445312460000	90.97777777777777
1445312520000	101.22
1445312580000	100.02
1445312640000	96.84
1445312700000	120.62
1445312760000	97.12727272727273
1445312820000	91.64
1445312880000	105.26
1445312940000	103.52
1445313000000	112.18
1445313060000	119.28888888888889
1445313120000	125.1
1445313180000	130.32
1445313240000	131.56
1445313300000	142.9090909090909
1445313360000	145.42
1445313420000	143.5
1445313480000	142.56
1445313540000	142.76
1445313600000	116.48
1445313660000	25.488888888888887
1445313720000	35.96
1445313780000	64.68
1445313840000	55.74
1445313900000	0.54
1445313960000	0.56
1445314020000	0.5636363636363636
1445314080000	0.52
1445314140000	0.55
