time	derivative
1445261400000	0
1445261460000	0
1445261520000	0
1445261580000	0
1445261640000	2.5367391169928224
1445261700000	0
1445261760000	0
1445261820000	0
1445261880000	0
1445261940000	0
1445262000000	0
1445262060000	0
1445262120000	1.9403191384368592
1445262180000	3.723907294674844
1445262240000	3.4756446123477165
1445262300000	3.6417503320870566
1445262360000	3.63379377336113
1445262420000	58.78830677967265
1445262480000	3.4057775213852137
1445262540000	3.474486291646642
1445262600000	3.324353949901392
1445262660000	3.878939255771674
1445262720000	2.989579739020193
1445262780000	3.7204789887136496
1445262840000	3.559041402935295
1445262900000	4.276438825661389
1445262960000	3.8795726801125263
1445263020000	3.6354075608964087
1445263080000	3.325589592393173
1445263140000	3.3914070063481083
1445263200000	3.9577344651753896
1445263260000	3.3248154069412763
1445263320000	3.634258849844296
1445263380000	3.3261657760626817
1445263440000	3.561593414946191
1445263500000	3.150183673882324
1445263560000	3.326222476845433
1445263620000	3.4722353300227455
1445263680000	3.390448259640528
1445263740000	3.324546701520317
1445263800000	3.5544187878014206
1445263860000	3.349602077984072
1445263920000	3.395421512578228
1445263980000	3.4897123675961486
1445264040000	4.282222405229958
1445264100000	4.045788248163178
1445264160000	3.245398277552358
1445264220000	3.5536299188825415
1445264280000	3.5610695332063007
1445264340000	3.150495791099187
1445264400000	3.55327815549977
1445264460000	3.562768569659459
1445264520000	3.394562484742149
1445264580000	3.0110658253854403
1445264640000	3.64079115499865
1445264700000	3.472485238303741
1445264760000	3.168406927373222
1445264820000	3.472580233915831
1445264880000	3.3109561152955678
1445264940000	3.2455546044277477
1445265000000	3.472112877582182
1445265060000	3.552465341310475
1445265120000	3.7201764780483764
1445265180000	3.2294073058679644
1445265240000	3.7988247662876935
1445265300000	3.7211494139664714
1445265360000	3.5553254290368765
1445265420000	3.4869260185444633
1445265480000	3.485724246058146
1445265540000	3.4066987025746442
1445265600000	3.566276010188296
1445265660000	3.563783195823769
1445265720000	3.3105407202715855
1445265780000	3.4406096072102055
1445265840000	3.1922299845284585
1445265900000	3.357518189704534
1445265960000	3.407636314863218
1445266020000	3.232945329379037
1445266080000	3.5028512313407743
1445266140000	3.3145316525343325
1445266200000	4.2002024101316175
1445266260000	3.5555430572829905
1445266320000	3.882885208758965
1445266380000	3.391901032726858
1445266440000	3.3149380548238603
1445266500000	3.246395007012807
1445266560000	3.328242443126478
1445266620000	3.4038770357336836
1445266680000	3.3961017845665853
1445266740000	3.4858702625636706
1445266800000	3.6452626157140577
1445266860000	3.394250705014157
1445266920000	3.4082280887691234
1445266980000	3.15326556426616
1445267040000	3.330400928531638
1445267100000	3.2329776653779208
1445267160000	3.2481353375992046
1445267220000	3.406173158119786
1445267280000	3.315459770575036
1445267340000	0
1445267400000	2.9907189906695226
1445267460000	3.7240709824568725
1445267520000	4.448081087709487
1445267580000	3.8005375213423935
1445267640000	3.7250275785785156
1445267700000	3.556707066413057
1445267760000	3.3291024008713688
1445267820000	3.3102769850045664
1445267880000	3.802602168196224
1445267940000	3.3271835231059135
1445268000000	3.1524078879550173
1445268060000	3.5614178780170054
1445268120000	3.720627059443766
1445268180000	3.5540085925427287
1445268240000	3.4858366397121046
1445268300000	3.7959157400392143
1445268360000	3.464103573133759
1445268420000	3.4886382265051368
1445268480000	3.3128255962156867
1445268540000	3.3252174934704506
1445268600000	3.366296304767042
1445268660000	3.4824872739329042
1445268720000	3.564499792060944
1445268780000	3.149446633141615
1445268840000	3.091764461059375
1445268900000	3.2313662909402243
1445268960000	0
1445269020000	0
1445269080000	0
1445269140000	0
1445269200000	1.8204173698605883
1445269260000	3.391758869848178
1445269320000	3.7987391589029604
1445269380000	3.715565016784156
1445269440000	3.5599637927949184
1445269500000	3.5350450811645344
1445269560000	3.682000283474
1445269620000	3.5129162044736786
1445269680000	3.6051656255148625
1445269740000	3.8809887666364227
1445269800000	3.0872718313162166
1445269860000	3.8804839454479985
1445269920000	3.636023245823815
1445269980000	3.802977029840475
1445270040000	3.6399225246534983
1445270100000	3.40924006334368
1445270160000	3.4787736457250493
1445270220000	3.2485717575034676
1445270280000	3.4876595606726037
1445270340000	3.234869106985876
1445270400000	3.2493009941236393
1445270460000	3.226461306168734
1445270520000	3.5642037042214665
1445270580000	3.409692741485739
1445270640000	3.392808526305545
1445270700000	3.5627840132655906
1445270760000	3.5528997091911214
1445270820000	3.307032277098816
1445270880000	3.404888247608541
1445270940000	2.503423229377203
1445271000000	3.6425434344599736
1445271060000	3.798318694013005
1445271120000	3.310874433835425
1445271180000	3.482002095017783
1445271240000	3.552816943771585
1445271300000	3.2307959469664844
1445271360000	3.1666526146456895
1445271420000	3.4754517627602475
1445271480000	3.4831311266866445
1445271540000	3.720497984697275
1445271600000	3.312542684334315
1445271660000	3.481766995167426
1445271720000	3.403732818372305
1445271780000	3.313205876996909
1445271840000	3.6423302916576183
1445271900000	3.472899331026709
1445271960000	3.5633297733029394
1445272020000	3.5623277428998406
1445272080000	3.6340900174999606
1445272140000	3.8788588064917686
1445272200000	3.392155325823182
1445272260000	3.2299835496937814
1445272320000	3.32671824650899
1445272380000	2.9080771357766673
1445272440000	3.4064856992264443
1445272500000	3.4832558998290017
1445272560000	3.3932375764382305
1445272620000	3.4848106607327733
1445272680000	3.2325129383855757
1445272740000	3.561442611398512
1445272800000	3.798834462187332
1445272860000	3.471701845401282
1445272920000	3.9609464150691984
1445272980000	3.6344409803734936
1445273040000	3.7147389008951675
1445273100000	3.6443643124436327
1445273160000	3.3906179582869225
1445273220000	3.552120690727629
1445273280000	3.4045143385080103
1445273340000	3.148937475827868
1445273400000	3.323206915245445
1445273460000	3.168187155587117
1445273520000	3.6338280319147005
1445273580000	3.4040012570264175
1445273640000	3.6346396423401512
1445273700000	3.3245134782306702
1445273760000	3.1657977969727575
1445273820000	3.3132851298834036
1445273880000	2.1796024727993686
1445273940000	1.4235344890377166
1445274000000	3.3917351771936333
1445274060000	3.5520816914205726
1445274120000	3.719296097890607
1445274180000	3.552761362573609
1445274240000	3.311403362649349
1445274300000	3.4042016873915255
1445274360000	2.928372232834164
1445274420000	3.393692717042507
1445274480000	2.9307038055485948
1445274540000	0
1445274600000	2.2604733786472133
1445274660000	3.6426755436030045
1445274720000	3.877089635202617
1445274780000	3.5610227542231954
1445274840000	3.3268200269971446
1445274900000	3.309673606850411
1445274960000	3.324209170638305
1445275020000	3.552817947835024
1445275080000	3.471816490115042
1445275140000	3.8014905961418357
1445275200000	3.397060984160111
1445275260000	3.4878533624006276
1445275320000	3.721920436506829
1445275380000	3.8849065513478407
1445275440000	3.330278463612505
1445275500000	3.7209805730233234
1445275560000	3.4889491203972707
1445275620000	3.154222557738044
1445275680000	3.250338000468564
1445275740000	3.2309286460312907
1445275800000	3.5621711670741396
1445275860000	3.3094436568932672
1445275920000	3.070511674509602
1445275980000	3.324035333783305
1445276040000	3.310305248696875
1445276100000	3.3116410746477216
1445276160000	0.1583020208638106
1445276220000	0
1445276280000	0
1445276340000	0
1445276400000	2.1809910354604303
1445276460000	3.7278878990795707
1445276520000	3.393963185964152
1445276580000	3.32674775891558
1445276640000	4.037028336317469
1445276700000	3.636287164142669
1445276760000	3.2462175231772012
1445276820000	3.716977383081466
1445276880000	3.328944872494575
1445276940000	3.562905521741493
1445277000000	3.313256882220425
1445277060000	3.567101549852117
1445277120000	3.3946441083405516
1445277180000	3.3290411160753015
1445277240000	3.2505089127566977
1445277300000	3.476668702943441
1445277360000	3.013231356597396
1445277420000	3.720942196760552
1445277480000	3.6403756036667683
1445277540000	3.2351186362486795
1445277600000	3.0915846886414524
1445277660000	2.9107259138188635
1445277720000	4.044122807163616
1445277780000	3.4872968278081804
1445277840000	3.233271920027606
1445277900000	4.036642423726751
1445277960000	3.4719470513540935
1445278020000	3.5528499347244575
1445278080000	3.250166204383372
1445278140000	3.3916109673635573
1445278200000	3.5624726988420363
1445278260000	3.714101468323589
1445278320000	3.633315614864185
1445278380000	3.5613109153823426
1445278440000	3.5556750118695906
1445278500000	3.475266518088247
1445278560000	3.3268068511785036
1445278620000	3.149901256653106
1445278680000	3.405255092608486
1445278740000	3.7160497704278983
1445278800000	3.3108466283004145
1445278860000	3.483574077331861
1445278920000	3.4718890930059136
1445278980000	3.326221357299075
1445279040000	3.4045105647900926
1445279100000	3.3130435007460006
1445279160000	3.2464640908705884
1445279220000	3.553805647296016
1445279280000	3.473404705607141
1445279340000	3.5620117149815957
1445279400000	3.1505490467882584
1445279460000	3.1675320364190163
1445279520000	3.5608892577090927
1445279580000	3.3118832349522265
1445279640000	3.4085495181093757
1445279700000	3.405803552617447
1445279760000	3.2310847151235405
1445279820000	3.720596133702947
1445279880000	3.4712120277658216
1445279940000	3.5614172438322536
1445280000000	3.4041587023537025
1445280060000	3.72132103571332
1445280120000	3.633894240050511
1445280180000	3.548074777174005
1445280240000	3.3921534765302654
1445280300000	3.719883953075563
1445280360000	3.0726455065429965
1445280420000	3.7213243504522366
1445280480000	3.393382947689164
1445280540000	3.3279075893942833
1445280600000	3.3167543479666444
1445280660000	3.406658218418367
1445280720000	3.3281789482578126
1445280780000	3.395611475347709
1445280840000	3.64631700085195
1445280900000	3.476837299801636
1445280960000	3.32385881885925
1445281020000	3.475434557627898
1445281080000	3.410731016426398
1445281140000	3.6477712841060916
1445281200000	3.3949750327877797
1445281260000	3.246508884487274
1445281320000	3.4733969899299355
1445281380000	3.484053487189135
1445281440000	3.250885588808327
1445281500000	3.2712620447186973
1445281560000	3.08859185960658
1445281620000	2.9912228628379607
1445281680000	3.169808775936539
1445281740000	0.0808507226225355
1445281800000	2.2985743449300897
1445281860000	4.062842562348592
1445281920000	3.7263227618283343
1445281980000	3.5585071035586022
1445282040000	3.3307900372263366
1445282100000	3.074364695177044
1445282160000	3.489778033659583
1445282220000	3.3305302031609547
1445282280000	2.9344452078408056
1445282340000	3.9642452825233376
1445282400000	3.474487274256047
1445282460000	3.1673792247122727
1445282520000	3.634554068989288
1445282580000	3.7996199944632414
1445282640000	3.7197942320633204
1445282700000	2.8272195652641017
1445282760000	3.9572312732785364
1445282820000	3.393326264442239
1445282880000	3.152299851288234
1445282940000	3.2442445963397124
1445283000000	3.5549324010415386
1445283060000	3.408209246610392
1445283120000	3.4080100322304623
1445283180000	3.5594690299599496
1445283240000	3.4880182214071884
1445283300000	3.5596179065688887
1445283360000	0
1445283420000	0
1445283480000	0
1445283540000	0
1445283600000	1.347379313550661
1445283660000	3.801316355414344
1445283720000	3.8065599796285596
1445283780000	4.121932469746205
1445283840000	3.7976576492026464
1445283900000	3.7207643906698116
1445283960000	3.3922627937525425
1445284020000	3.482232403794921
1445284080000	3.563094606258647
1445284140000	3.6350374718847522
1445284200000	3.325545815599316
1445284260000	3.4557099038348587
1445284320000	3.224445195373165
1445284380000	3.343915875558699
1445284440000	3.686012771473338
1445284500000	3.464745622707313
1445284560000	3.440080016261178
1445284620000	3.6123257501912227
1445284680000	3.485022846997933
1445284740000	3.311597341102341
1445284800000	3.4026667569824105
1445284860000	3.561072069451351
1445284920000	3.636593292740063
1445284980000	3.646355587484067
1445285040000	3.4781909540584763
1445285100000	3.5672081536707294
1445285160000	3.8037604380345775
1445285220000	3.3315675364364914
1445285280000	3.1700847973907664
1445285340000	3.312454836243645
1445285400000	3.5623831575432483
1445285460000	3.312244635279554
1445285520000	3.483303674453922
1445285580000	3.485639265251008
1445285640000	2.929642052968839
1445285700000	3.325180636974374
1445285760000	3.148988835461942
1445285820000	3.4716051460894843
1445285880000	3.641500238726069
1445285940000	3.2299691394617303
1445286000000	3.7174660353412627
1445286060000	3.405228260765411
1445286120000	3.4732936733006645
1445286180000	3.564500709692091
1445286240000	3.149826844326592
1445286300000	3.6333354897852304
1445286360000	3.245700989875471
1445286420000	3.229038875771367
1445286480000	3.4720368310437233
1445286540000	3.640596585353876
1445286600000	3.3096974518780584
1445286660000	3.0699705878640224
1445286720000	3.3246206503943507
1445286780000	3.2303434559712363
1445286840000	3.087369651896499
1445286900000	3.5627515042778057
1445286960000	3.556787713044511
1445287020000	3.720017622594121
1445287080000	3.6365015295630503
1445287140000	3.4840594185746214
1445287200000	3.4054195985778493
1445287260000	3.714025674817271
1445287320000	3.6434610408671184
1445287380000	3.3931732222806983
1445287440000	3.3095196577294774
1445287500000	3.4067335197186295
1445287560000	3.3118293961975636
1445287620000	3.4861175865085032
1445287680000	3.473988039907478
1445287740000	3.0097616470746362
1445287800000	3.554984388063873
1445287860000	3.0701922707909586
1445287920000	3.7144094721801935
1445287980000	3.4866361692978187
1445288040000	3.482897046058048
1445288100000	3.0688718853196497
1445288160000	3.560889821261729
1445288220000	3.4815795855365455
1445288280000	3.552060901698733
1445288340000	3.7226067870844157
1445288400000	3.6351171216561013
1445288460000	3.311252127378539
1445288520000	3.640357309775157
1445288580000	3.0699542187018016
1445288640000	3.3095368886329335
1445288700000	3.1673962169965724
1445288760000	2.9068610823806247
1445288820000	3.008429659490493
1445288880000	2.8494474832284786
1445288940000	0
1445289000000	2.3749233740868867
1445289060000	3.795866305631323
1445289120000	3.7145851652227297
1445289180000	3.8793093040206386
1445289240000	3.5528398222150877
1445289300000	3.0674499965289383
1445289360000	3.4033432703042075
1445289420000	3.875461010813485
1445289480000	3.482553081825988
1445289540000	3.4829182746881466
1445289600000	3.3921585449675136
1445289660000	3.246021619493627
1445289720000	3.6607456414494552
1445289780000	3.568088727107341
1445289840000	3.4859088571497328
1445289900000	3.3956601361384826
1445289960000	3.408614365165293
1445290020000	3.560923990175573
1445290080000	3.1723831358491785
1445290140000	3.4105747209034503
1445290200000	3.4104178311079
1445290260000	3.1511731059980095
1445290320000	3.405333028701216
1445290380000	3.4062218603001475
1445290440000	3.3139109190434803
1445290500000	3.4866437672092365
1445290560000	0
1445290620000	0
1445290680000	0
1445290740000	0
1445290800000	1.1880040107015402
1445290860000	4.1218348097112525
1445290920000	3.883018904556782
1445290980000	3.63359270994717
1445291040000	3.4750000616206402
1445291100000	3.7199423218985603
1445291160000	1.175601519049584
1445291220000	2.7982010365536
1445291280000	3.524306840799013
1445291340000	3.090268832588549
1445291400000	3.313809941239886
1445291460000	3.0110666008114704
1445291520000	3.4856577659999517
1445291580000	3.4780700504742783
1445291640000	3.4881412018584737
1445291700000	3.2341378123123508
1445291760000	3.4089705275669275
1445291820000	3.638388270806452
1445291880000	3.6435207063360924
1445291940000	3.2496073325090955
1445292000000	3.232418833559037
1445292060000	3.4864474754306976
1445292120000	3.4031133818055395
1445292180000	3.4061466490695627
1445292240000	3.6462412028981435
1445292300000	3.4755417237975674
1445292360000	3.4871870346227545
1445292420000	3.470617019813046
1445292480000	3.004294025591723
1445292540000	3.4768763718968905
1445292600000	3.388156529443504
1445292660000	3.474345643862402
1445292720000	3.4047656465163993
1445292780000	3.0655865502714548
1445292840000	3.548942978588723
1445292900000	3.7219235312596832
1445292960000	3.147173196930005
1445293020000	3.22741781804125
1445293080000	3.4799718327916245
1445293140000	3.632676213151394
1445293200000	3.4681442681878862
1445293260000	3.084157037210078
1445293320000	3.882109677837979
1445293380000	3.4882556872391897
1445293440000	3.248717063803179
1445293500000	3.5577385695671406
1445293560000	3.1700541469023698
1445293620000	3.31493932791869
1445293680000	3.4078958489966102
1445293740000	3.395974508845058
1445293800000	3.1704802292716923
1445293860000	3.4835282258515443
1445293920000	3.3129968523095696
1445293980000	3.3262914950409153
1445294040000	3.3902921245209092
1445294100000	3.6343936481621446
1445294160000	3.6407934602801504
1445294220000	3.713813754298967
1445294280000	3.4844554187191874
1445294340000	3.322659684651116
1445294400000	3.3910601441051194
1445294460000	3.3246585471776466
1445294520000	3.720001575855987
1445294580000	3.5521275730471826
1445294640000	3.4815591308002776
1445294700000	3.552398155368816
1445294760000	3.3102731096423006
1445294820000	3.0913817192172495
1445294880000	3.7203570192087088
1445294940000	3.3293463090113753
1445295000000	3.8007037124222607
1445295060000	3.4865736604653335
1445295120000	3.56615448367254
1445295180000	3.4747497912473357
1445295240000	3.4823959739070403
1445295300000	3.4604802293509724
1445295360000	3.3884089628903062
1445295420000	3.3271710033403012
1445295480000	3.4588896520064183
1445295540000	3.6444437859797216
1445295600000	3.4764808691784284
1445295660000	3.4079666808645466
1445295720000	3.2351389796497023
1445295780000	3.487788943744719
1445295840000	3.554486839845709
1445295900000	3.483702054164916
1445295960000	3.0115270954621596
1445296020000	2.827259760064196
1445296080000	2.929824854872215
1445296140000	0
1445296200000	2.2602371234946945
1445296260000	3.7990542491887536
1445296320000	3.3075656490268677
1445296380000	3.796643456183089
1445296440000	3.960073666082351
1445296500000	3.795724140983209
1445296560000	3.323013990304276
1445296620000	3.404631799660855
1445296680000	3.555301872197725
1445296740000	3.4047140879467737
1445296800000	3.149849930851708
1445296860000	3.4837392216127063
1445296920000	3.5638057747235607
1445296980000	3.7762391121033425
1445297040000	3.3938482056946753
1445297100000	3.52297740912755
1445297160000	3.5208528209702954
1445297220000	3.1505338397829945
1445297280000	3.134051016283344
1445297340000	3.4570109830846842
1445297400000	3.35501250550956
1445297460000	3.284154455386063
1445297520000	3.3936755099588316
1445297580000	3.4165647573598417
1445297640000	3.4752447506781627
1445297700000	3.456368184556879
1445297760000	0.7212864432229459
1445297820000	0
1445297880000	0
1445297940000	0
1445298000000	2.0065117325255653
1445298060000	3.536192508391325
1445298120000	3.768084727229048
1445298180000	3.5432576344554563
1445298240000	3.7795944459725774
1445298300000	3.71499097994133
1445298360000	3.3945801123634305
1445298420000	3.297960693939193
1445298480000	3.3666597242669614
1445298540000	3.438754139375304
1445298600000	3.439628932830726
1445298660000	3.29150625005858
1445298720000	3.1154243762186473
1445298780000	3.618860723247803
1445298840000	3.37864581911241
1445298900000	3.879836552779475
1445298960000	2.9909872258573267
1445299020000	3.4857787160332157
1445299080000	3.392178476401422
1445299140000	3.4871013606649695
1445299200000	3.408197765827289
1445299260000	3.23236737536052
1445299320000	3.4041548620504836
1445299380000	3.4079304205223666
1445299440000	3.3276698900761694
1445299500000	3.557050307140178
1445299560000	3.4756046501327034
1445299620000	3.4074266369158703
1445299680000	3.315387316989862
1445299740000	3.3277190619136197
1445299800000	3.642201163481367
1445299860000	2.769528196776759
1445299920000	3.621756009071694
1445299980000	3.55411990651453
1445300040000	3.4843761563030955
1445300100000	3.3095268038575845
1445300160000	3.3110695535989785
1445300220000	3.166449253643173
1445300280000	3.0702561462185254
1445300340000	3.796301295956297
1445300400000	3.3246715743964432
1445300460000	3.3943943799335528
1445300520000	3.3305416257634524
1445300580000	3.6367350241524665
1445300640000	3.5650427063645393
1445300700000	3.3550901985804074
1445300760000	3.1683784738980316
1445300820000	3.1704826166104003
1445300880000	3.4751706030954517
1445300940000	3.246494360166243
1445301000000	3.152176599158292
1445301060000	3.3113442575657253
1445301120000	3.405079884262918
1445301180000	3.3123338771148774
1445301240000	3.4848159736994604
1445301300000	3.6436315291277945
1445301360000	3.3131971085405594
1445301420000	3.5636705172786542
1445301480000	3.3912970596970022
1445301540000	3.1657998014291646
1445301600000	3.560834030416051
1445301660000	3.557518874760014
1445301720000	4.115611239599747
1445301780000	3.4726525883042556
1445301840000	3.231109575346779
1445301900000	3.403773165669536
1445301960000	3.3903223651696037
1445302020000	3.3102004148730697
1445302080000	3.4823676546453686
1445302140000	3.4709574696720047
1445302200000	3.1478546734775747
1445302260000	3.6398973580596308
1445302320000	3.5565666263750777
1445302380000	3.402316419660143
1445302440000	3.1634470025746504
1445302500000	3.321709721956288
1445302560000	3.634075930503628
1445302620000	3.358003331219257
1445302680000	3.196782182990246
1445302740000	3.4561226282579383
1445302800000	3.5619803478816023
1445302860000	3.5553557373805775
1445302920000	3.4702403686202303
1445302980000	3.802014679657887
1445303040000	3.2449462731871197
1445303100000	3.1682535293502747
1445303160000	3.162853487671622
1445303220000	3.0664079048767987
1445303280000	3.0845591555963945
1445303340000	0
1445303400000	1.6134571360506587
1445303460000	3.801691871685771
1445303520000	3.958073943431247
1445303580000	3.878326553803055
1445303640000	3.2470688768646148
1445303700000	3.397817230076338
1445303760000	3.250125689693021
1445303820000	3.4874684755637246
1445303880000	3.3160016307449
1445303940000	3.409997478187911
1445304000000	3.316454668705693
1445304060000	3.329164215701623
1445304120000	3.5588940857954325
1445304180000	3.3284460650278507
1445304240000	3.800869533818904
1445304300000	3.407420561635622
1445304360000	3.485614897026915
1445304420000	3.5560235138822107
1445304480000	3.2436408618686046
1445304540000	3.3945742136059667
1445304600000	3.1677241849881237
1445304660000	3.566148124954977
1445304720000	3.402169171635696
1445304780000	3.4856810993141054
1445304840000	3.3119510542101764
1445304900000	3.3957858782363357
1445304960000	0.4750434818185322
1445305020000	0
1445305080000	0
1445305140000	0
1445305200000	1.8572371667233325
1445305260000	3.645130752127761
1445305320000	3.471720975686004
1445305380000	3.7973790529332687
1445305440000	3.3906177529960395
1445305500000	3.5621205525292265
1445305560000	3.2307247741324594
1445305620000	3.48092171088647
1445305680000	3.4031644205649587
1445305740000	3.232069824990085
1445305800000	3.323696723119919
1445305860000	3.394510974726755
1445305920000	3.472711904325172
1445305980000	3.1668726123512387
1445306040000	3.47457571137847
1445306100000	3.560798034977561
1445306160000	3.5632627609347622
1445306220000	3.472925136212364
1445306280000	3.4024285466761865
1445306340000	3.3110987667247334
1445306400000	3.1517407397462813
1445306460000	3.0085459529168497
1445306520000	3.636499766344788
1445306580000	3.402890391357323
1445306640000	3.4821898257219392
1445306700000	3.473864200912471
1445306760000	3.403111900492375
1445306820000	3.714161595540842
1445306880000	3.148384067658935
1445306940000	3.4027496234867436
1445307000000	3.3911112756428063
1445307060000	3.3947358195368134
1445307120000	3.5625354509387113
1445307180000	3.5535126088520665
1445307240000	3.3873769840275294
1445307300000	3.6235870245546895
1445307360000	3.0927255625365464
1445307420000	3.074575818776734
1445307480000	3.3303860738161832
1445307540000	3.39310181189819
1445307600000	3.1652696485300407
1445307660000	3.7192154552393903
1445307720000	3.5522994963081516
1445307780000	3.483700399232066
1445307840000	3.642704029090001
1445307900000	3.3928332617539763
1445307960000	3.328226091152981
1445308020000	3.229871661856984
1445308080000	3.3904841139068655
1445308140000	3.5611907133959257
1445308200000	3.393496319864338
1445308260000	3.1676674912105147
1445308320000	3.481266454670726
1445308380000	3.324340464703221
1445308440000	3.2449917954141894
1445308500000	3.554072322706213
1445308560000	3.230914879790682
1445308620000	3.3253082560753384
1445308680000	3.3925855124401467
1445308740000	3.3909238008759925
1445308800000	3.4061492122675947
1445308860000	3.5575553328714578
1445308920000	3.251060618879829
1445308980000	3.1521401030903378
1445309040000	2.982352252959571
1445309100000	3.006874883125048
1445309160000	3.39045325455965
1445309220000	2.6914634892093092
1445309280000	3.0081191113841994
1445309340000	3.3098250987508515
1445309400000	3.249361574749988
1445309460000	3.2297764720150366
1445309520000	3.2312685984752125
1445309580000	3.406844790905594
1445309640000	3.312153592155786
1445309700000	3.4062746787818616
1445309760000	3.2443164768210697
1445309820000	3.2291318715093715
1445309880000	3.0863068498463644
1445309940000	2.746318020516975
1445310000000	3.3932917208044815
1445310060000	3.244936514004275
1445310120000	3.2293405611895554
1445310180000	3.1491361223172922
1445310240000	3.2464569574244986
1445310300000	3.3098998478798283
1445310360000	2.9869419776833457
1445310420000	2.3738657323342154
1445310480000	0
1445310540000	0
1445310600000	0
1445310660000	0
1445310720000	0
1445310780000	0
1445310840000	0
1445310900000	0
1445310960000	0
1445311020000	0
1445311080000	0.7923546806163877
1445311140000	2.987501866684021
1445311200000	3.0677600378723047
1445311260000	3.165224188279246
1445311320000	2.987563379239398
1445311380000	3.0700149218883177
1445311440000	3.4834943034279107
1445311500000	3.148977965894671
1445311560000	2.9276247446562293
1445311620000	3.246241169432253
1445311680000	3.149451083987563
1445311740000	2.9278993315407993
1445311800000	3.3254200871564894
1445311860000	2.990688108634078
1445311920000	3.1688869803386805
1445311980000	3.1501051135555342
1445312040000	2.904428274891631
1445312100000	3.0814283439615946
1445312160000	2.504670301158729
1445312220000	2.259125348558332
1445312280000	0
1445312340000	0
1445312400000	1.0302299584215038
1445312460000	3.3109073198306187
1445312520000	2.911548373556509
1445312580000	3.563991779296562
1445312640000	2.9078055415544495
1445312700000	3.166969646694054
1445312760000	3.203103743465343
1445312820000	3.009676784077986
1445312880000	2.669338161869475
1445312940000	3.326705400870575
1445313000000	2.8389074802162195
1445313060000	3.561205509216578
1445313120000	3.167938247379744
1445313180000	2.489528421078837
1445313240000	3.7202986837840513
1445313300000	3.168265700266421
1445313360000	3.1503352077827818
1445313420000	3.1661750553254464
1445313480000	3.07050652631112
1445313540000	3.086692122642984
1445313600000	3.1650600319161684
