time	derivative
1445261400000	83.87906207525829
1445261460000	1100.1982694360602
1445261520000	58.68232432695531
1445261580000	180.32130067123
1445261640000	212.41115471691168
1445261700000	164.23509393340566
1445261760000	0
1445261820000	0
1445261880000	0
1445261940000	0
1445262000000	25.307273483131237
1445262060000	156.63388846071723
1445262120000	169.1297122606434
1445262180000	300.61747799714414
1445262240000	368.59660581321083
1445262300000	350.900733686658
1445262360000	417.14769451293984
1445262420000	442.2928942428437
1445262480000	416.4568026594732
1445262540000	342.74209075407475
1445262600000	361.69081919860236
1445262660000	428.87621222084886
1445262720000	455.1798244794084
1445262780000	431.9928838154068
1445262840000	424.69769210082893
1445262900000	356.88454253922583
1445262960000	299.6747697418029
1445263020000	252.1400457046233
1445263080000	372.8869654477332
1445263140000	337.4540646294589
1445263200000	269.96270109644865
1445263260000	295.8155758186805
1445263320000	269.7685991409594
1445263380000	364.4715227542673
1445263440000	369.08848312256777
1445263500000	219.81299623344134
1445263560000	230.1866358653103
1445263620000	207.6443931046387
1445263680000	278.72769612896514
1445263740000	282.00971029420356
1445263800000	343.65549684070623
1445263860000	389.15555055278367
1445263920000	321.2358976678246
1445263980000	292.1126060148402
1445264040000	280.72773064653074
1445264100000	214.6597204299421
1445264160000	379.3971064934946
1445264220000	363.50236826461327
1445264280000	405.4864390689293
1445264340000	397.67057967314037
1445264400000	468.1780391815795
1445264460000	346.5651331337596
1445264520000	348.6232698703626
1445264580000	387.1548575820895
1445264640000	372.83366456030734
1445264700000	331.3440612704586
1445264760000	410.08940308502196
1445264820000	365.43121348696314
1445264880000	457.83871014179977
1445264940000	367.4966808788692
1445265000000	383.23452672287823
1445265060000	480.9389958286176
1445265120000	501.7407325474115
1445265180000	510.23343341121523
1445265240000	348.1634057152045
1445265300000	329.10183166480925
1445265360000	331.5184502255622
1445265420000	304.2220718105542
1445265480000	445.3760026110199
1445265540000	379.55022813021645
1445265600000	387.4138585978633
1445265660000	395.7166080236974
1445265720000	376.9653333103841
1445265780000	400.162870777413
1445265840000	412.1484509997525
1445265900000	403.80679826650197
1445265960000	381.2830027725299
1445266020000	333.42041159121925
1445266080000	292.44665957797935
1445266140000	261.6277163219256
1445266200000	294.6087130587473
1445266260000	250.26339798941888
1445266320000	315.95797933000046
1445266380000	491.42928824052285
1445266440000	434.2494074086275
1445266500000	426.03747264161905
1445266560000	438.11268520016085
1445266620000	398.766801978392
1445266680000	316.7961612425333
1445266740000	374.09725122300074
1445266800000	317.4156202485487
1445266860000	438.3372294622259
1445266920000	378.55428169978956
1445266980000	417.96240739394096
1445267040000	434.7754117971586
1445267100000	333.0119875424419
1445267160000	442.85192041863843
1445267220000	251.00071585499208
1445267280000	320.7190446583479
1445267340000	102.16429920042576
1445267400000	175.86618135359416
1445267460000	328.4435979042921
1445267520000	437.7325985216819
1445267580000	259.6408126894899
1445267640000	334.915344717919
1445267700000	362.99425308192554
1445267760000	306.6617454041614
1445267820000	435.52418615353173
1445267880000	461.50707920626354
1445267940000	371.6688712236644
1445268000000	282.25195167599605
1445268060000	287.91691065235636
1445268120000	440.7542128473244
1445268180000	354.5162158447904
1445268240000	461.84763428125
1445268300000	383.20875322553326
1445268360000	336.1437157708268
1445268420000	397.8853718769314
1445268480000	397.44705271652276
1445268540000	405.269693710521
1445268600000	399.023875673944
1445268660000	380.680047208043
1445268720000	336.8012220801466
1445268780000	312.7146710333275
1445268840000	438.2029573123078
1445268900000	351.08150618399196
1445268960000	0
1445269020000	0
1445269080000	0
1445269140000	0
1445269200000	145.3155583083928
1445269260000	425.47016761982985
1445269320000	348.17371928004695
1445269380000	472.080183076738
1445269440000	399.39295822662103
1445269500000	376.15152494598067
1445269560000	543.866104041467
1445269620000	431.7372054057567
1445269680000	420.3584768976204
1445269740000	486.11781326473005
1445269800000	517.8613513241903
1445269860000	286.4983070993167
1445269920000	300.7648386782912
1445269980000	457.74293383081465
1445270040000	374.92041200493105
1445270100000	461.93144145318735
1445270160000	490.5480021541772
1445270220000	442.25904430047274
1445270280000	408.9145883489179
1445270340000	416.852630548624
1445270400000	339.45746589402205
1445270460000	491.64501315808684
1445270520000	427.2638757119622
1445270580000	487.1877023261335
1445270640000	422.8310502652129
1445270700000	528.545286407952
1445270760000	387.96435442279363
1445270820000	351.80143150903626
1445270880000	379.9380951023073
1445270940000	449.6583587595057
1445271000000	475.52652833226455
1445271060000	360.71495805153654
1445271120000	401.5876567255208
1445271180000	357.79295416225017
1445271240000	519.4541474690019
1445271300000	418.49860804691696
1445271360000	378.7763188185993
1445271420000	396.36200114820565
1445271480000	346.37154534009267
1445271540000	478.741725601497
1445271600000	405.8193444107612
1445271660000	371.0124396578116
1445271720000	447.0296442038851
1445271780000	476.78651824270025
1445271840000	377.64981434566033
1445271900000	469.25676501906906
1445271960000	393.0502214855015
1445272020000	368.135255979017
1445272080000	447.7933824662856
1445272140000	472.8202634700904
1445272200000	393.8632379504054
1445272260000	396.7353506672222
1445272320000	402.62633148110314
1445272380000	411.2064786375994
1445272440000	440.16050103644346
1445272500000	449.584443745697
1445272560000	464.517265692148
1445272620000	418.42654300849375
1445272680000	301.6126779582229
1445272740000	408.42614011436876
1445272800000	513.6709256732938
1445272860000	428.04914661994405
1445272920000	462.6487707728521
1445272980000	506.2836813044343
1445273040000	425.3000423299629
1445273100000	538.290396112991
1445273160000	522.0031943809792
1445273220000	462.7685357213118
1445273280000	395.3528238442245
1445273340000	410.58545060146827
1445273400000	375.841973490159
1445273460000	468.97505643864724
1445273520000	503.8436854033941
1445273580000	377.9820883807103
1445273640000	359.89083548875215
1445273700000	538.6541296612243
1445273760000	320.25572284775
1445273820000	361.2014238123776
1445273880000	365.2872913087422
1445273940000	358.57252270632836
1445274000000	333.2442715661224
1445274060000	388.9348671571398
1445274120000	460.1130376482073
1445274180000	495.8431899733314
1445274240000	458.8011838304267
1445274300000	398.93620164050697
1445274360000	318.07619964444166
1445274420000	392.1231269777809
1445274480000	334.5820736368062
1445274540000	138.3834743326913
1445274600000	109.57931036885815
1445274660000	359.89531922926585
1445274720000	350.25385025347674
1445274780000	446.85072336631976
1445274840000	407.60070258595334
1445274900000	382.7167328213029
1445274960000	361.00735113038155
1445275020000	484.96082935587316
1445275080000	414.87798690529974
1445275140000	368.3269292440536
1445275200000	361.1504212685846
1445275260000	306.88124175067134
1445275320000	295.50151248395827
1445275380000	517.87050307377
1445275440000	474.5484470265388
1445275500000	449.04273423007555
1445275560000	471.2258188477007
1445275620000	386.2100921183469
1445275680000	397.3530363520013
1445275740000	505.9787340114441
1445275800000	426.5954786782188
1445275860000	365.99013272189615
1445275920000	261.39302545813007
1445275980000	271.23406791702644
1445276040000	347.854495565158
1445276100000	406.39233283690436
1445276160000	77.3298144231768
1445276220000	0
1445276280000	0
1445276340000	0
1445276400000	125.63141188997159
1445276460000	441.7922569691788
1445276520000	367.912978277781
1445276580000	516.4639519251274
1445276640000	462.57698559578085
1445276700000	424.7166676807828
1445276760000	520.9368985587432
1445276820000	430.35590987141893
1445276880000	413.07899578918637
1445276940000	401.1870925752874
1445277000000	436.52708213734854
1445277060000	374.8783525683799
1445277120000	349.3525001063449
1445277180000	405.26308170228504
1445277240000	355.36749757150034
1445277300000	364.26756026044296
1445277360000	536.6153211505351
1445277420000	333.7237424333335
1445277480000	460.1686956431868
1445277540000	358.5943836025043
1445277600000	376.8907033922667
1445277660000	392.0195743689049
1445277720000	426.237885809438
1445277780000	476.2218954104024
1445277840000	378.07507955461676
1445277900000	401.3540196367006
1445277960000	557.9388596643051
1445278020000	481.1011684767383
1445278080000	404.14749501746263
1445278140000	409.96807041567007
1445278200000	334.9424182054355
1445278260000	386.5978652786408
1445278320000	493.72624899319254
1445278380000	436.4636054834441
1445278440000	419.67119900388667
1445278500000	452.9865596181238
1445278560000	397.57742452839136
1445278620000	410.03617752106913
1445278680000	343.6158085149186
1445278740000	447.9579421040244
1445278800000	358.35313456756006
1445278860000	422.76841341613635
1445278920000	463.18946544291424
1445278980000	366.65264503344804
1445279040000	443.19520557469446
1445279100000	411.30553636285805
1445279160000	368.0471198501538
1445279220000	445.1322529780884
1445279280000	339.31862477833107
1445279340000	378.29314955230933
1445279400000	375.14054147545187
1445279460000	382.5221731321406
1445279520000	396.3523946034674
1445279580000	437.40163841632716
1445279640000	339.5290930876059
1445279700000	353.02155728280786
1445279760000	347.70779433036483
1445279820000	350.1056184942384
1445279880000	354.16583118742574
1445279940000	344.6197351944804
1445280000000	421.7567050638814
1445280060000	367.7565320906345
1445280120000	517.7313693682071
1445280180000	434.13575081657905
1445280240000	565.2533562710588
1445280300000	507.3394883904312
1445280360000	533.1478671966122
1445280420000	380.9480851403935
1445280480000	515.2050735540679
1445280540000	475.28662928967117
1445280600000	404.9564549144853
1445280660000	446.0185529732232
1445280720000	424.3321159859958
1445280780000	479.54257201546716
1445280840000	491.7120512259283
1445280900000	373.5771789774429
1445280960000	444.4332601740562
1445281020000	422.48007348069245
1445281080000	396.5970610859791
1445281140000	398.47980600367754
1445281200000	442.9608532653182
1445281260000	535.4587209860231
1445281320000	443.5479280061879
1445281380000	406.0971109809633
1445281440000	414.0107470794457
1445281500000	424.93441939091264
1445281560000	335.97379657712844
1445281620000	408.23329430418454
1445281680000	350.92595005395367
1445281740000	177.82298841305567
1445281800000	177.23664572340488
1445281860000	326.8112726059061
1445281920000	388.832691856323
1445281980000	426.16792130158257
1445282040000	386.43652145772705
1445282100000	475.37670248414867
1445282160000	411.56151068837397
1445282220000	409.7810363216737
1445282280000	549.0079338996709
1445282340000	407.8973534581956
1445282400000	401.817265286788
1445282460000	383.19068101794
1445282520000	373.85494305491306
1445282580000	499.24818242836835
1445282640000	550.3367360792602
1445282700000	413.1300418595845
1445282760000	417.0062243124116
1445282820000	435.34469041823303
1445282880000	378.42722653320897
1445282940000	399.00855873358483
1445283000000	476.6592150235765
1445283060000	441.6598503236138
1445283120000	422.5672299678413
1445283180000	359.6340349817094
1445283240000	346.99985194145427
1445283300000	397.59374969695597
1445283360000	0
1445283420000	0
1445283480000	0
1445283540000	0
1445283600000	174.47812713724346
1445283660000	347.49100007800774
1445283720000	360.29728288009716
1445283780000	427.4342620459109
1445283840000	424.4860807203728
1445283900000	525.5720846797341
1445283960000	559.1160200469301
1445284020000	398.2196313452674
1445284080000	392.5439586636673
1445284140000	470.1732862995924
1445284200000	501.0909538886434
1445284260000	500.0728852394702
1445284320000	422.91127693000624
1445284380000	413.940300170419
1445284440000	414.45674877776435
1445284500000	404.6156369374931
1445284560000	418.49008232132104
1445284620000	534.7113666040609
1445284680000	556.4195716909874
1445284740000	418.68253822190667
1445284800000	434.03338085194787
1445284860000	328.7557473860474
1445284920000	409.9196186875377
1445284980000	537.676485466175
1445285040000	470.75481258207645
1445285100000	516.5246479736669
1445285160000	461.0980532645411
1445285220000	515.0481375262442
1445285280000	477.7945157111947
1445285340000	469.225960968971
1445285400000	478.4807731995585
1445285460000	497.12103579128143
1445285520000	513.3768151777749
1445285580000	428.6708174164156
1445285640000	429.2236341778589
1445285700000	418.69671961091035
1445285760000	463.13597881459714
1445285820000	513.1016322912119
1445285880000	413.62548377960024
1445285940000	421.93516702699776
1445286000000	429.97905094548724
1445286060000	425.34428232096144
1445286120000	489.05881313800455
1445286180000	468.1645716796763
1445286240000	488.61290707048323
1445286300000	470.0519123975667
1445286360000	383.2677928045106
1445286420000	415.67977222079674
1445286480000	479.27211677623376
1445286540000	430.74193478453174
1445286600000	375.46328441573314
1445286660000	386.3640417582795
1445286720000	336.15404046976164
1445286780000	389.89216671265746
1445286840000	365.2940420970255
1445286900000	360.76192776550425
1445286960000	396.61789285004306
1445287020000	474.5419010115265
1445287080000	421.67485480596366
1445287140000	386.4224573421129
1445287200000	497.39016686568874
1445287260000	451.66689449351463
1445287320000	438.29171642525944
1445287380000	556.507111268645
1445287440000	465.21747937067573
1445287500000	460.675464013441
1445287560000	439.20475392443717
1445287620000	430.0054475275756
1445287680000	440.7655044756592
1445287740000	435.10485233381723
1445287800000	452.2868212246714
1445287860000	444.6746776590098
1445287920000	525.9498024271452
1445287980000	515.356640624946
1445288040000	423.84158579574336
1445288100000	402.1669693080786
1445288160000	395.80836254717155
1445288220000	440.26513161697864
1445288280000	414.34010608042894
1445288340000	455.4788414102001
1445288400000	438.21620590033774
1445288460000	364.5074699806215
1445288520000	490.6436800049793
1445288580000	505.4956402514851
1445288640000	469.72759954356883
1445288700000	423.4664258638777
1445288760000	404.54534611361055
1445288820000	404.93218495305285
1445288880000	377.9884204483655
1445288940000	0
1445289000000	177.02288109764
1445289060000	322.2889837823965
1445289120000	361.77907034851415
1445289180000	426.939493160202
1445289240000	410.5955286429543
1445289300000	504.96016513305466
1445289360000	450.43966653382154
1445289420000	410.60657447931095
1445289480000	407.0113663048284
1445289540000	445.0350424711641
1445289600000	442.87161995494745
1445289660000	450.4478566535773
1445289720000	391.99660249828344
1445289780000	439.56239710745456
1445289840000	466.70451974059324
1445289900000	509.86500038537014
1445289960000	521.8282116240504
1445290020000	361.47270632236155
1445290080000	391.1801368670547
1445290140000	497.12862294724033
1445290200000	446.7351492725974
1445290260000	342.7498949368504
1445290320000	357.25033473401635
1445290380000	429.7860327892775
1445290440000	343.0344880882526
1445290500000	316.95619461949445
1445290560000	0
1445290620000	0
1445290680000	0
1445290740000	0
1445290800000	110.39476234955158
1445290860000	372.23630816140377
1445290920000	498.0058137873059
1445290980000	543.2689012850093
1445291040000	452.00343000151
1445291100000	408.86140678405087
1445291160000	412.8080220617148
1445291220000	452.6334670818635
1445291280000	451.38882090898255
1445291340000	528.3231035380489
1445291400000	482.2752929592288
1445291460000	439.6718935623334
1445291520000	412.5047903335402
1445291580000	389.33134381247186
1445291640000	380.3210340901214
1445291700000	392.29039177167067
1445291760000	472.49159240228835
1445291820000	395.7580970392679
1445291880000	502.18279667594896
1445291940000	423.9810634712977
1445292000000	403.00427414140097
1445292060000	440.55089217008026
1445292120000	487.74867045129224
1445292180000	471.44522623576836
1445292240000	535.2740968041711
1445292300000	498.4541450386388
1445292360000	386.4179535800607
1445292420000	417.18649356104044
1445292480000	409.7460528014527
1445292540000	413.8861884438915
1445292600000	355.1046423514434
1445292660000	377.6063826556811
1445292720000	421.2302214132274
1445292780000	561.3859933588845
1445292840000	460.6646081796527
1445292900000	505.2544566466207
1445292960000	551.0135399568175
1445293020000	418.0804194381522
1445293080000	441.78692044531624
1445293140000	440.9193600773123
1445293200000	429.88381558839563
1445293260000	407.602756552806
1445293320000	435.72296354809845
1445293380000	411.2689286724455
1445293440000	444.508231240301
1445293500000	520.3745627751906
1445293560000	446.7032530788923
1445293620000	484.4276561079108
1445293680000	454.9991957734803
1445293740000	486.53881673808235
1445293800000	466.64729692435367
1445293860000	341.6746646539902
1445293920000	303.05075809346897
1445293980000	333.0581808088906
1445294040000	367.18913948502575
1445294100000	351.81660643241855
1445294160000	350.05819064325806
1445294220000	370.05081012402655
1445294280000	353.3696973687042
1445294340000	358.1413875172585
1445294400000	367.92560293909145
1445294460000	458.5033037549754
1445294520000	432.927503495938
1445294580000	557.200499636306
1445294640000	545.6980896233728
1445294700000	462.0964853018075
1445294760000	537.7208885926816
1445294820000	561.7985198413596
1445294880000	404.2980671552655
1445294940000	523.0579327808834
1445295000000	411.8084122713603
1445295060000	408.2616984138932
1445295120000	513.5457688070607
1445295180000	537.5702382257971
1445295240000	413.88297919171816
1445295300000	406.3131087192004
1445295360000	424.87048327442085
1445295420000	385.9640979118503
1445295480000	499.4266362322793
1445295540000	435.19542474770674
1445295600000	508.82320925077903
1445295660000	447.085112878803
1445295720000	396.67792531954706
1445295780000	387.4897216608735
1445295840000	442.66542839593853
1445295900000	469.6650085658749
1445295960000	480.14218097541095
1445296020000	430.7965589095113
1445296080000	271.35032948774324
1445296140000	0
1445296200000	151.7687258265723
1445296260000	330.0374462924707
1445296320000	430.34595526687445
1445296380000	462.04307803791244
1445296440000	376.78115784195865
1445296500000	372.0048542313473
1445296560000	422.52500937685227
1445296620000	498.2066722225508
1445296680000	498.37595348295815
1445296740000	501.14481951534856
1445296800000	547.7448284324383
1445296860000	389.4515454236248
1445296920000	401.6432226367197
1445296980000	382.09974188677745
1445297040000	416.525595628436
1445297100000	511.3644677785991
1445297160000	445.35095880693433
1445297220000	396.28221917172306
1445297280000	426.737631374855
1445297340000	368.3516302922798
1445297400000	397.93442833483033
1445297460000	379.48367809325885
1445297520000	341.27139260249436
1445297580000	322.503130803016
1445297640000	374.86010139840545
1445297700000	445.7543980708243
1445297760000	163.89770424900644
1445297820000	0
1445297880000	0
1445297940000	0
1445298000000	149.24956561517075
1445298060000	403.0750483179249
1445298120000	384.7512903735716
1445298180000	433.8314313778776
1445298240000	440.7628185666443
1445298300000	442.46617679492795
1445298360000	416.0473830164039
1445298420000	525.3275389312789
1445298480000	504.94324776820815
1445298540000	525.135998092299
1445298600000	514.4519084411544
1445298660000	538.6282353556054
1445298720000	469.1753253851902
1445298780000	409.28710819152974
1445298840000	367.9984466397227
1445298900000	545.1409008416166
1445298960000	511.3285821099476
1445299020000	468.8723805308701
1445299080000	569.7545782154336
1445299140000	552.2851003817947
1445299200000	497.54635792896266
1445299260000	426.34668209204796
1445299320000	389.64336799600153
1445299380000	451.4187802249331
1445299440000	408.5154438265421
1445299500000	399.0757305825675
1445299560000	450.3092491899414
1445299620000	509.4093727996158
1445299680000	472.65975652119346
1445299740000	532.8941109219844
1445299800000	522.6278389110454
1445299860000	460.0151441765252
1445299920000	437.63182441527204
1445299980000	427.0283751871304
1445300040000	483.54891654820887
1445300100000	415.51608817012243
1445300160000	407.7533215965953
1445300220000	494.04051262818336
1445300280000	426.1956809990343
1445300340000	485.61083979344914
1445300400000	535.3794720728487
1445300460000	496.2423787073713
1445300520000	409.16171161703255
1445300580000	431.4613278040568
1445300640000	435.1892976901251
1445300700000	513.8931582370009
1445300760000	435.0979185638264
1445300820000	501.69780792579877
1445300880000	501.1353633410188
1445300940000	426.1739793506354
1445301000000	503.0629737609094
1445301060000	470.7712266871478
1445301120000	456.2103585092002
1445301180000	491.82854104128614
1445301240000	449.64930700483643
1445301300000	381.5317334781839
1445301360000	368.9636827613343
1445301420000	479.7313409431668
1445301480000	445.70546302705117
1445301540000	359.74277876381575
1445301600000	430.3473295900196
1445301660000	475.8332358003112
1445301720000	507.06764670416436
1445301780000	584.2758213118179
1445301840000	515.1023281706398
1445301900000	542.6844606572373
1445301960000	487.19280982993985
1445302020000	534.7826709577892
1445302080000	570.075471402506
1445302140000	412.86421837894665
1445302200000	441.2284514352248
1445302260000	424.0233331582389
1445302320000	480.92331889619226
1445302380000	449.9935847855175
1445302440000	573.9775358572347
1445302500000	483.566303893832
1445302560000	530.0879423272015
1445302620000	488.141721122005
1445302680000	459.58725387903627
1445302740000	408.41485507557036
1445302800000	492.8439196138614
1445302860000	413.1289249922553
1445302920000	529.8469083685301
1445302980000	532.7839991799912
1445303040000	532.2539433549196
1445303100000	450.7111252515432
1445303160000	455.1957817838129
1445303220000	334.9504571290466
1445303280000	297.72734457001576
1445303340000	74.82224076458988
1445303400000	83.7218977348322
1445303460000	367.56589074088055
1445303520000	387.2730685799687
1445303580000	421.8796739767221
1445303640000	489.0131957067828
1445303700000	505.406704556012
1445303760000	414.6056893698339
1445303820000	528.4439026935778
1445303880000	453.40160923657004
1445303940000	417.7129452092463
1445304000000	440.1618103277203
1445304060000	432.44303890354877
1445304120000	485.82141451991225
1445304180000	542.7934200618341
1445304240000	408.27757856963814
1445304300000	499.167316137929
1445304360000	558.4546222344477
1445304420000	446.76803903082026
1445304480000	379.7501871017149
1445304540000	358.9990546102589
1445304600000	432.85978080140603
1445304660000	370.49441827002977
1445304720000	356.39853866910016
1445304780000	349.8199744594229
1445304840000	350.3557525957887
1445304900000	351.2068798746059
1445304960000	101.22822324384812
1445305020000	0
1445305080000	0
1445305140000	0
1445305200000	98.14116715069053
1445305260000	339.89732470059766
1445305320000	393.4936088827366
1445305380000	414.37885753803045
1445305440000	447.30917747782473
1445305500000	445.9816762145335
1445305560000	441.7209781831563
1445305620000	424.41325554174193
1445305680000	407.2289227180639
1445305740000	479.9362873274555
1445305800000	502.10040389803214
1445305860000	464.00824815616966
1445305920000	454.5404674876777
1445305980000	356.0582334547233
1445306040000	456.60079120318
1445306100000	425.0159784845959
1445306160000	466.13210439546225
1445306220000	536.3443610404854
1445306280000	561.0843442196993
1445306340000	425.417218538329
1445306400000	435.9843218519147
1445306460000	424.6078743312649
1445306520000	330.8160820708865
1445306580000	372.61524928714937
1445306640000	538.8010489003519
1445306700000	544.5451462465267
1445306760000	431.79881792247687
1445306820000	512.4696460895549
1445306880000	521.8430539050026
1445306940000	399.2897458397203
1445307000000	459.6823624950796
1445307060000	394.3725897406534
1445307120000	353.8616078125677
1445307180000	503.8252080242414
1445307240000	425.9998748958306
1445307300000	476.58980132647395
1445307360000	431.6619694359344
1445307420000	451.61966776602776
1445307480000	414.4640432657091
1445307540000	452.760282392987
1445307600000	466.2270046357266
1445307660000	440.9058095489363
1445307720000	417.54033724197484
1445307780000	478.1067360970162
1445307840000	499.319254950278
1445307900000	476.1946789281519
1445307960000	418.4493908972771
1445308020000	433.3759601199078
1445308080000	527.3753376378905
1445308140000	389.4903830515658
1445308200000	436.02698698427787
1445308260000	412.99969830275165
1445308320000	373.58763875879185
1445308380000	479.72112728410883
1445308440000	428.1906064282771
1445308500000	343.2354274980238
1445308560000	359.9614273933394
1445308620000	457.66071283830297
1445308680000	366.12694429933435
1445308740000	352.1521685236404
1445308800000	431.4317201327521
1445308860000	422.03526384855707
1445308920000	445.9245585316577
1445308980000	415.8624957304072
1445309040000	429.12159797725826
1445309100000	386.9104612821179
1445309160000	356.9255085647701
1445309220000	381.6312896498105
1445309280000	508.26034258329497
1445309340000	447.2434241990627
1445309400000	412.00744850891397
1445309460000	385.68238041439685
1445309520000	422.16730765195075
1445309580000	516.6832016737142
1445309640000	434.32993758785796
1445309700000	441.4626823300039
1445309760000	474.5086774122305
1445309820000	574.7932376596999
1445309880000	423.78381176999613
1445309940000	490.1442377448341
1445310000000	294.25213161195035
1445310060000	330.45626223101937
1445310120000	424.5158672393543
1445310180000	386.2059340309688
1445310240000	433.38296243164916
1445310300000	415.12126712204537
1445310360000	383.72044600271744
1445310420000	347.1351025934941
1445310480000	333.3910599765143
1445310540000	99.57467762647644
1445310600000	161.141757849509
1445310660000	311.4812446993994
1445310720000	479.049636479808
1445310780000	457.2967853761935
1445310840000	288.6380154245586
1445310900000	503.5785167356435
1445310960000	262.8311784414301
1445311020000	388.4297276872017
1445311080000	286.97959092450225
1445311140000	410.2536089711806
1445311200000	425.5562059197996
1445311260000	408.08175579861773
1445311320000	375.96934520652013
1445311380000	403.623115213953
1445311440000	440.31612839804126
1445311500000	276.931967788627
1445311560000	485.6017895633243
1445311620000	512.0959773429963
1445311680000	519.0795574906136
1445311740000	372.6264145610192
1445311800000	399.1984434190749
1445311860000	372.0291650430324
1445311920000	390.21254040906354
1445311980000	425.3255941437581
1445312040000	427.7749083669252
1445312100000	366.4286140644188
1445312160000	241.4331525729174
1445312220000	374.12706965033277
1445312280000	0
1445312340000	0
1445312400000	77.84166214042081
1445312460000	399.9065195748046
1445312520000	402.9179692449782
1445312580000	304.5016229928433
1445312640000	444.88747536236644
1445312700000	483.0818977848596
1445312760000	429.1567205197315
1445312820000	444.39525392591156
1445312880000	522.2097637980853
1445312940000	397.25845576105013
1445313000000	406.62084244632035
1445313060000	333.75759900891876
1445313120000	430.80101912832157
1445313180000	436.2763680980825
1445313240000	340.4343626742306
1445313300000	408.9215234850859
1445313360000	402.2012767002977
1445313420000	431.50776327329044
1445313480000	414.757054412658
1445313540000	529.0117878504391
1445313600000	491.2376012714767
