time	derivative
1445261400000	163.6902520671344
1445261460000	1470.917124698513
1445261520000	27.464186542453618
1445261580000	214.56762250529536
1445261640000	130.56659803436673
1445261700000	172.22148069069354
1445261760000	0
1445261820000	0
1445261880000	0
1445261940000	0
1445262000000	50.76783177520574
1445262060000	174.21641968470442
1445262120000	242.1907949179296
1445262180000	131.61943755853866
1445262240000	184.35878041470173
1445262300000	198.67653690947327
1445262360000	168.98895083129023
1445262420000	174.8382134712001
1445262480000	166.05316831183916
1445262540000	105.979640027274
1445262600000	172.15252163157356
1445262660000	195.03519331209185
1445262720000	228.70481759508323
1445262780000	279.2192352949608
1445262840000	179.062096281705
1445262900000	246.78178349114017
1445262960000	161.6692128180137
1445263020000	264.9744912511
1445263080000	167.73644561596603
1445263140000	208.3519739988352
1445263200000	336.0832579689086
1445263260000	139.34825535054233
1445263320000	233.4615330593515
1445263380000	198.99901356402955
1445263440000	300.73016823928367
1445263500000	242.5768799262281
1445263560000	266.0095177461367
1445263620000	257.45961890188124
1445263680000	238.86277062943697
1445263740000	273.9639020246408
1445263800000	244.75296173333967
1445263860000	257.81428168597296
1445263920000	265.5175157250255
1445263980000	346.5334290990969
1445264040000	154.3571246410232
1445264100000	239.01304816171483
1445264160000	271.8382158895335
1445264220000	335.02036342627633
1445264280000	229.79604934486628
1445264340000	190.18865200037575
1445264400000	269.64533291612327
1445264460000	237.79145863032403
1445264520000	261.2476885051969
1445264580000	233.54292847836737
1445264640000	261.4375150875028
1445264700000	230.81345495509723
1445264760000	286.327556138142
1445264820000	286.1150503046057
1445264880000	234.0609366627795
1445264940000	221.4426967953253
1445265000000	226.50506561721957
1445265060000	224.36400014198412
1445265120000	227.0510354440253
1445265180000	258.8050583420373
1445265240000	365.9806556314354
1445265300000	306.1821637677189
1445265360000	215.68202325905884
1445265420000	286.87033601551417
1445265480000	377.37972610812653
1445265540000	171.2860929537223
1445265600000	298.3043115691847
1445265660000	228.15061487257225
1445265720000	295.6951795848597
1445265780000	294.47189011326986
1445265840000	226.10320728072924
1445265900000	224.6053009146946
1445265960000	239.7712278528153
1445266020000	225.22226889935266
1445266080000	217.48856393161338
1445266140000	285.36808482455194
1445266200000	321.0425776477652
1445266260000	264.3377710950975
1445266320000	262.9944774726564
1445266380000	246.10168543272866
1445266440000	221.49997340256226
1445266500000	296.93098278753246
1445266560000	339.5284183442184
1445266620000	262.10743723179115
1445266680000	229.22320312071813
1445266740000	294.9717163985561
1445266800000	230.99044543559447
1445266860000	261.6977592673412
1445266920000	238.65988958729324
1445266980000	284.12990821840305
1445267040000	187.49213955839184
1445267100000	226.3416802953654
1445267160000	297.55150464721333
1445267220000	177.93959745543955
1445267280000	229.21962887856475
1445267340000	126.01399787694497
1445267400000	144.745485588712
1445267460000	244.23733611750438
1445267520000	289.98270078630196
1445267580000	289.7014857175532
1445267640000	290.71225633664267
1445267700000	286.7453298087157
1445267760000	225.5397458649498
1445267820000	292.21324324744126
1445267880000	234.81345744653066
1445267940000	226.37829027352234
1445268000000	292.4216392487755
1445268060000	357.5625333386201
1445268120000	263.36061469869617
1445268180000	299.25658759240713
1445268240000	332.1382441437412
1445268300000	285.8229822110932
1445268360000	227.91149210042772
1445268420000	243.27374062563405
1445268480000	173.81836523273182
1445268540000	313.1885317198069
1445268600000	222.48560367073776
1445268660000	287.01863840637
1445268720000	229.87521982272074
1445268780000	237.82624390393596
1445268840000	160.7978771673167
1445268900000	326.37062544898157
1445268960000	0
1445269020000	0
1445269080000	0
1445269140000	0
1445269200000	112.19621732975885
1445269260000	347.45898141163764
1445269320000	296.30215276758344
1445269380000	291.5250611665077
1445269440000	294.5136159644891
1445269500000	233.25233128239427
1445269560000	289.5115898719301
1445269620000	295.603943888343
1445269680000	245.80437259564775
1445269740000	288.1934595756828
1445269800000	263.6456208438131
1445269860000	231.22092601606937
1445269920000	201.2072116084055
1445269980000	286.2421897834611
1445270040000	313.84881649214185
1445270100000	307.3100468552898
1445270160000	269.7192335656675
1445270220000	206.60293071798296
1445270280000	224.8908152263769
1445270340000	222.92107720171762
1445270400000	171.281730828943
1445270460000	224.75156989556865
1445270520000	286.19400741240105
1445270580000	228.89283456921927
1445270640000	220.9224858212639
1445270700000	326.1621122628705
1445270760000	266.308461702692
1445270820000	260.6682680561681
1445270880000	217.32379241489875
1445270940000	283.6563554526616
1445271000000	285.0063433895881
1445271060000	267.7964294886186
1445271120000	224.49524204704818
1445271180000	287.36501496349837
1445271240000	280.63200784606045
1445271300000	288.0635696153
1445271360000	272.0402948902549
1445271420000	313.4196134139959
1445271480000	300.64897460547496
1445271540000	332.2135295393601
1445271600000	226.0007664566901
1445271660000	287.0600386426975
1445271720000	340.2011542256602
1445271780000	273.36512161870917
1445271840000	309.3390137065607
1445271900000	226.7624008315752
1445271960000	236.37738750264995
1445272020000	331.12905113719955
1445272080000	278.7115822384666
1445272140000	264.72374902834486
1445272200000	233.3798753908936
1445272260000	241.3985859008088
1445272320000	259.4065191264713
1445272380000	240.08275746356364
1445272440000	226.12718803480868
1445272500000	220.5460546092621
1445272560000	306.9873959798172
1445272620000	298.25265207073943
1445272680000	347.7729403550235
1445272740000	275.5230429569382
1445272800000	265.832673733867
1445272860000	307.4403109328709
1445272920000	334.4668355429384
1445272980000	309.66159444779095
1445273040000	308.5688518578364
1445273100000	287.85436231335024
1445273160000	292.02475509269635
1445273220000	277.0910885483448
1445273280000	278.6800076011556
1445273340000	266.0991123898674
1445273400000	252.0946590017136
1445273460000	245.74357097620424
1445273520000	269.19792381706833
1445273580000	229.2124298453234
1445273640000	310.63383019767434
1445273700000	226.9760099640127
1445273760000	208.49884924901923
1445273820000	292.99961821801503
1445273880000	259.9841069380716
1445273940000	335.9562695208579
1445274000000	238.15171939029437
1445274060000	237.20494450593156
1445274120000	254.82668131992696
1445274180000	319.3098771936958
1445274240000	275.3370261919392
1445274300000	242.3351612411264
1445274360000	250.15366207323788
1445274420000	314.4209799753287
1445274480000	198.60382303655592
1445274540000	0
1445274600000	49.91158984490566
1445274660000	310.74983860919633
1445274720000	296.20140662577523
1445274780000	353.78698995832616
1445274840000	296.2072301858902
1445274900000	289.7749448889976
1445274960000	284.746117268325
1445275020000	226.17521755312853
1445275080000	266.54308710978415
1445275140000	281.5391627400949
1445275200000	242.14667298780267
1445275260000	292.5408246554667
1445275320000	274.73651031752246
1445275380000	262.36021422931964
1445275440000	261.28687787881285
1445275500000	312.76050607417676
1445275560000	247.4901277301633
1445275620000	194.9692801326243
1445275680000	215.0960822491345
1445275740000	245.93587930678552
1445275800000	287.0106676066791
1445275860000	281.7790361378056
1445275920000	242.36377559826144
1445275980000	241.58665388061897
1445276040000	218.5989808426219
1445276100000	279.9879096849746
1445276160000	99.53713844861709
1445276220000	0
1445276280000	0
1445276340000	0
1445276400000	113.35837861831679
1445276460000	236.1741657748926
1445276520000	382.5593465667891
1445276580000	222.48593018762995
1445276640000	357.1427058453936
1445276700000	274.36939972084156
1445276760000	338.79171380545756
1445276820000	243.30107474393935
1445276880000	217.2465894214563
1445276940000	213.2158793818387
1445277000000	220.83324258109815
1445277060000	254.5893117572586
1445277120000	231.26477262782774
1445277180000	274.77764763442013
1445277240000	245.60226118712166
1445277300000	290.12819444239824
1445277360000	303.8544639220512
1445277420000	379.23329930242534
1445277480000	238.2026675790903
1445277540000	256.74801492193507
1445277600000	161.38747370414546
1445277660000	312.9339095734601
1445277720000	244.76229856337906
1445277780000	237.5832000341965
1445277840000	294.10132634036296
1445277900000	255.7932298738861
1445277960000	247.20394007661662
1445278020000	328.58614458190596
1445278080000	235.34469913755183
1445278140000	261.9144994975382
1445278200000	284.46124582422436
1445278260000	305.28618568316796
1445278320000	261.5957535098239
1445278380000	296.02017757246807
1445278440000	266.6438900084836
1445278500000	298.82869963665416
1445278560000	324.63319923305306
1445278620000	250.79761694779341
1445278680000	296.77224952276686
1445278740000	239.8997883953228
1445278800000	283.2464451178321
1445278860000	251.83398276017525
1445278920000	274.9569607794602
1445278980000	241.85895294615898
1445279040000	271.5529558473872
1445279100000	259.2837551046742
1445279160000	284.74096400274135
1445279220000	310.8200950608977
1445279280000	232.87142739936908
1445279340000	290.2505160846038
1445279400000	296.6801786866026
1445279460000	274.9130012754206
1445279520000	255.385707508033
1445279580000	255.9824901191486
1445279640000	279.7038156743935
1445279700000	261.66129174468125
1445279760000	268.20270257628397
1445279820000	277.73779291128284
1445279880000	295.0254045361523
1445279940000	267.4661643069235
1445280000000	307.1158624090225
1445280060000	266.2369087321985
1445280120000	273.9909876103262
1445280180000	333.57189197406836
1445280240000	194.77379795392145
1445280300000	358.3540438634878
1445280360000	294.42041846757616
1445280420000	232.16267613666275
1445280480000	346.4486000195796
1445280540000	298.6925174535077
1445280600000	345.1980685076692
1445280660000	269.0321852329374
1445280720000	279.5875085721744
1445280780000	319.43757642201416
1445280840000	285.17975065205036
1445280900000	348.4301799280465
1445280960000	235.87838823791074
1445281020000	278.4633311817669
1445281080000	180.52816574894814
1445281140000	304.8994274734555
1445281200000	357.3492940723634
1445281260000	329.75390321108466
1445281320000	319.6992062931677
1445281380000	250.75452989148053
1445281440000	295.79521093643996
1445281500000	211.12747872209198
1445281560000	234.22806244715008
1445281620000	239.0506869778484
1445281680000	259.1080490667445
1445281740000	134.32233805304008
1445281800000	98.99775065002885
1445281860000	278.3114008981236
1445281920000	312.2362390527316
1445281980000	296.4913503057562
1445282040000	278.4021212852055
1445282100000	268.24353770644075
1445282160000	271.7811944864289
1445282220000	233.45277264465662
1445282280000	422.65395310547797
1445282340000	213.7151139918529
1445282400000	284.8017181823278
1445282460000	335.8715431462187
1445282520000	229.07969192897588
1445282580000	259.4566326843928
1445282640000	286.2435803308281
1445282700000	323.2732622150644
1445282760000	320.28196465391545
1445282820000	249.3821596641722
1445282880000	273.3111223896548
1445282940000	270.3678250088812
1445283000000	270.6074349089732
1445283060000	271.57292801713504
1445283120000	281.4139284137285
1445283180000	290.42258848275816
1445283240000	286.4227270730825
1445283300000	267.84414045688106
1445283360000	0
1445283420000	0
1445283480000	0
1445283540000	0
1445283600000	96.77469494196787
1445283660000	307.3553835381224
1445283720000	295.27710423384303
1445283780000	253.11936210951606
1445283840000	314.39173597942477
1445283900000	278.2028600915529
1445283960000	267.22007029514896
1445284020000	301.7674084875325
1445284080000	278.4410322787547
1445284140000	257.5021416750241
1445284200000	279.6387885897439
1445284260000	263.97453406050903
1445284320000	290.14613571904715
1445284380000	278.23913882428013
1445284440000	354.0811925131571
1445284500000	309.01845289402985
1445284560000	292.913014516935
1445284620000	224.97979321973915
1445284680000	316.4285756151823
1445284740000	305.63501793219814
1445284800000	285.78600947691154
1445284860000	312.42935574499586
1445284920000	255.83572223011058
1445284980000	336.6245933459641
1445285040000	327.49329210289187
1445285100000	346.508800628741
1445285160000	269.1792170850051
1445285220000	354.2283886546386
1445285280000	328.8497342553344
1445285340000	286.4655722940377
1445285400000	264.96892732566965
1445285460000	326.22201821130255
1445285520000	347.1566933898433
1445285580000	317.56063693394515
1445285640000	321.3295590099956
1445285700000	292.0400205535084
1445285760000	306.77061955255783
1445285820000	234.27235126416448
1445285880000	346.85856440542335
1445285940000	280.5934968004822
1445286000000	265.8988767335871
1445286060000	371.9762170228415
1445286120000	304.37511715205454
1445286180000	278.15387768284245
1445286240000	329.5864381959523
1445286300000	254.0074220810472
1445286360000	280.45305762553494
1445286420000	322.74134184817535
1445286480000	309.6100227833711
1445286540000	279.5245141746364
1445286600000	283.20035492332033
1445286660000	281.04647412358474
1445286720000	270.2742349972239
1445286780000	334.48123852447844
1445286840000	335.1981220500969
1445286900000	326.1780772736771
1445286960000	311.9251679897452
1445287020000	274.720033576893
1445287080000	330.4347230343
1445287140000	270.20360819587984
1445287200000	315.2049843380792
1445287260000	307.3843810796478
1445287320000	298.06113614457473
1445287380000	338.63748609687065
1445287440000	341.7009207168055
1445287500000	373.71016434504173
1445287560000	246.91788060701109
1445287620000	317.4202740898234
1445287680000	293.03450438873097
1445287740000	293.5368807360366
1445287800000	296.22733417339765
1445287860000	345.2705698929406
1445287920000	303.55340222443346
1445287980000	285.3969804950995
1445288040000	310.99127380173576
1445288100000	339.71120471710276
1445288160000	292.5598258203421
1445288220000	293.58512544235606
1445288280000	310.0691127837046
1445288340000	314.96779949546124
1445288400000	278.81014914142474
1445288460000	341.3883928674332
1445288520000	318.8768182179461
1445288580000	325.9926180477653
1445288640000	238.94187726951705
1445288700000	331.9682320203699
1445288760000	189.082740411196
1445288820000	245.4279397343777
1445288880000	188.48653729456285
1445288940000	0
1445289000000	100.65640717795716
1445289060000	305.6342273088838
1445289120000	293.98852376564975
1445289180000	358.1478257115015
1445289240000	225.57796195304124
1445289300000	293.0187399304338
1445289360000	326.2762714383813
1445289420000	303.96552283248406
1445289480000	343.3602872876184
1445289540000	276.0005639701358
1445289600000	276.69323369523596
1445289660000	298.9540945961848
1445289720000	306.2644066598602
1445289780000	280.9903023565655
1445289840000	308.37723657273125
1445289900000	323.52186857667476
1445289960000	269.33570204936234
1445290020000	270.4131582832382
1445290080000	312.29165852168046
1445290140000	277.0884006198514
1445290200000	385.81272630439247
1445290260000	281.461738365637
1445290320000	318.27413848797534
1445290380000	331.11176875787777
1445290440000	319.74508331315394
1445290500000	331.9560669735827
1445290560000	0
1445290620000	0
1445290680000	0
1445290740000	0
1445290800000	39.04612378813217
1445290860000	281.4189292741172
1445290920000	282.3271690514748
1445290980000	377.8076603848851
1445291040000	353.3115421566623
1445291100000	319.8128897374458
1445291160000	274.97258824508987
1445291220000	249.56003272532504
1445291280000	337.95322925403974
1445291340000	346.8930647059364
1445291400000	316.5078994827165
1445291460000	353.65302957050034
1445291520000	303.5783084980279
1445291580000	296.8912473001958
1445291640000	389.465771355173
1445291700000	322.62494120837636
1445291760000	284.6242191267158
1445291820000	330.07777083489583
1445291880000	245.942771018191
1445291940000	399.6221581213415
1445292000000	326.6648618742849
1445292060000	299.02557595701256
1445292120000	227.92552652132127
1445292180000	370.5810027912428
1445292240000	304.1666129103507
1445292300000	286.07490777287313
1445292360000	304.0878356564147
1445292420000	305.6610323677612
1445292480000	300.76382055871534
1445292540000	353.76165008309766
1445292600000	263.7123934550153
1445292660000	284.7242470622166
1445292720000	322.82515938948137
1445292780000	325.13611588653094
1445292840000	380.99762284160306
1445292900000	266.7572920202935
1445292960000	353.52124563496
1445293020000	283.1626048988516
1445293080000	362.0042094095007
1445293140000	283.38428115678573
1445293200000	274.70747750444036
1445293260000	323.07695195302017
1445293320000	330.9907410226328
1445293380000	314.1763731333338
1445293440000	347.62189880690187
1445293500000	296.80240510438415
1445293560000	258.3274319978767
1445293620000	307.9042295072248
1445293680000	353.0542637278936
1445293740000	272.14167134809844
1445293800000	324.4008385579607
1445293860000	330.3482884096547
1445293920000	322.22801273790293
1445293980000	278.18378709868216
1445294040000	328.336747953374
1445294100000	323.4647457410359
1445294160000	321.86542487256276
1445294220000	258.5171497478761
1445294280000	330.8774442858269
1445294340000	354.6921383711303
1445294400000	325.7680400439589
1445294460000	317.4472051554218
1445294520000	389.2444387023912
1445294580000	266.2427688994552
1445294640000	357.30854107871005
1445294700000	321.2355866026748
1445294760000	343.44493994452836
1445294820000	256.31088847254296
1445294880000	323.02821390264666
1445294940000	324.5369826910179
1445295000000	334.0293355163478
1445295060000	344.48509775210204
1445295120000	278.40519457086447
1445295180000	284.11405305595736
1445295240000	315.7236802176484
1445295300000	347.4318417445941
1445295360000	258.0917785017296
1445295420000	307.6409561083807
1445295480000	282.84000105287856
1445295540000	337.224486584806
1445295600000	415.0634389521643
1445295660000	328.49680306830544
1445295720000	366.63487038335063
1445295780000	243.85140444628465
1445295840000	269.8372149051907
1445295900000	294.0071987828862
1445295960000	285.4093380141731
1445296020000	260.5278515138491
1445296080000	318.0733193428031
1445296140000	0
1445296200000	107.20199358714136
1445296260000	278.9607357319157
1445296320000	328.64774752980765
1445296380000	323.0520353156962
1445296440000	353.7985484220221
1445296500000	355.639489664374
1445296560000	268.6479615276423
1445296620000	265.5156293737369
1445296680000	306.49625593595266
1445296740000	273.0752745074663
1445296800000	287.5468938651312
1445296860000	291.3986953586801
1445296920000	335.9100216934965
1445296980000	349.7082970035276
1445297040000	356.22414845037446
1445297100000	345.2082146482019
1445297160000	221.49107566123843
1445297220000	344.0249235919756
1445297280000	286.8877385328102
1445297340000	293.4737503529948
1445297400000	258.61046489893806
1445297460000	278.0561525500696
1445297520000	281.6548795203483
1445297580000	303.8680929695782
1445297640000	349.070226179443
1445297700000	318.9209558048919
1445297760000	215.16814333949347
1445297820000	0
1445297880000	0
1445297940000	0
1445298000000	32.4587110258285
1445298060000	364.2918349802394
1445298120000	316.453811779738
1445298180000	309.4905728605858
1445298240000	383.869036047088
1445298300000	316.02760346386987
1445298360000	294.4198715572119
1445298420000	333.0692481497592
1445298480000	326.55655328376383
1445298540000	311.55881801979825
1445298600000	267.62847892060944
1445298660000	320.2562999541545
1445298720000	291.4166054465578
1445298780000	292.7710606432589
1445298840000	307.1522437944511
1445298900000	281.5528771031008
1445298960000	325.74708228342365
1445299020000	325.65153420590667
1445299080000	306.29434684858126
1445299140000	278.0435315842144
1445299200000	252.03785954283796
1445299260000	309.8670175166922
1445299320000	352.0942983259159
1445299380000	308.442005464915
1445299440000	305.4038829763901
1445299500000	319.9248648826032
1445299560000	320.6589664451487
1445299620000	272.22082667479054
1445299680000	299.54389836834207
1445299740000	274.0980653521994
1445299800000	262.75668884942525
1445299860000	366.7374670367842
1445299920000	353.81550215823296
1445299980000	353.1261811491783
1445300040000	285.7882908279311
1445300100000	288.144268537537
1445300160000	254.49794614928047
1445300220000	306.8086539928418
1445300280000	303.0339660808842
1445300340000	260.4527006382934
1445300400000	341.77901273460435
1445300460000	347.078928375777
1445300520000	334.62436634960414
1445300580000	286.0216035469532
1445300640000	302.5424867743273
1445300700000	277.54267926811843
1445300760000	280.65371628491164
1445300820000	366.34062786717567
1445300880000	272.1486262866043
1445300940000	362.6654878556174
1445301000000	342.2600890205099
1445301060000	275.4716755481838
1445301120000	284.61175999804664
1445301180000	300.3735302315058
1445301240000	250.84994284346118
1445301300000	284.7341821822758
1445301360000	318.8755955921581
1445301420000	372.6934296658804
1445301480000	332.52869331401433
1445301540000	332.40853865249437
1445301600000	332.28117689713173
1445301660000	316.9929497767462
1445301720000	306.472287398828
1445301780000	347.4245069274776
1445301840000	293.4731488590509
1445301900000	313.0301673437717
1445301960000	318.8142306000683
1445302020000	305.8065311893874
1445302080000	330.5908747975111
1445302140000	322.3935970461746
1445302200000	327.81720883922395
1445302260000	322.420681493697
1445302320000	362.3776183801855
1445302380000	358.9477461334809
1445302440000	367.54403712170557
1445302500000	271.00621806072365
1445302560000	376.22269347837334
1445302620000	339.0133548488641
1445302680000	305.1316077887692
1445302740000	327.52257401889017
1445302800000	321.3175977706298
1445302860000	339.228867505182
1445302920000	347.1887278530175
1445302980000	356.2375450596906
1445303040000	291.1436345923429
1445303100000	371.9727404130061
1445303160000	250.17017171024492
1445303220000	260.6614059023734
1445303280000	321.24320088864346
1445303340000	0
1445303400000	99.40070868260544
1445303460000	303.9964844762983
1445303520000	316.2126655772609
1445303580000	336.75958597993264
1445303640000	351.53580536968116
1445303700000	279.5108003748562
1445303760000	325.87901905742876
1445303820000	353.44294061619587
1445303880000	349.6429494113179
1445303940000	278.42411239895125
1445304000000	346.0320833062343
1445304060000	263.03192608414787
1445304120000	314.524768340877
1445304180000	324.3285903407191
1445304240000	387.9983095943034
1445304300000	313.5466107301413
1445304360000	341.604178765148
1445304420000	325.5327627465211
1445304480000	271.99096376608213
1445304540000	341.0129556439464
1445304600000	356.514745089781
1445304660000	271.7133177485645
1445304720000	349.9463702488003
1445304780000	298.69018518171026
1445304840000	310.8243174071642
1445304900000	288.68378563099026
1445304960000	105.85707562803736
1445305020000	0
1445305080000	0
1445305140000	0
1445305200000	109.4783680486455
1445305260000	342.7793862918111
1445305320000	319.0808277723112
1445305380000	284.13872415702537
1445305440000	362.0579632566156
1445305500000	279.89891901963426
1445305560000	357.6532782524125
1445305620000	331.16225763378867
1445305680000	308.63668526138093
1445305740000	307.11424966598236
1445305800000	325.6640052497896
1445305860000	374.33219025849496
1445305920000	257.4706546555367
1445305980000	296.602184037575
1445306040000	329.0689143565085
1445306100000	357.05540126110986
1445306160000	283.43208881695034
1445306220000	298.49897263900505
1445306280000	348.23454634901555
1445306340000	321.53832602231824
1445306400000	319.3196890063936
1445306460000	314.7128181953581
1445306520000	299.3116011523893
1445306580000	287.27842828663876
1445306640000	394.20368591764736
1445306700000	320.3142184265744
1445306760000	305.4742500864753
1445306820000	328.2086261063694
1445306880000	274.76987972093895
1445306940000	276.2665133360591
1445307000000	317.53937864432856
1445307060000	344.1832836966156
1445307120000	310.19163752551844
1445307180000	366.2056600143724
1445307240000	364.43609554480105
1445307300000	315.69965937834945
1445307360000	281.7445277052387
1445307420000	302.8852445602876
1445307480000	289.1777348568028
1445307540000	326.08066814980776
1445307600000	290.4283555906954
1445307660000	345.54223527190976
1445307720000	336.18003636500464
1445307780000	269.9684112746395
1445307840000	320.32560789275647
1445307900000	349.4631352408008
1445307960000	276.9603572538367
1445308020000	271.2329030427799
1445308080000	369.5280429235188
1445308140000	303.6247372623782
1445308200000	272.9719466516734
1445308260000	303.2504108433498
1445308320000	359.4718406049017
1445308380000	309.9601899828006
1445308440000	338.0108925969795
1445308500000	316.4202686574533
1445308560000	322.6183269348619
1445308620000	281.1637700410714
1445308680000	308.3460087800656
1445308740000	327.8216245136495
1445308800000	297.0310486506686
1445308860000	393.8228326546507
1445308920000	260.3040206919932
1445308980000	251.22382280168708
1445309040000	362.6175272839425
1445309100000	272.47752428664774
1445309160000	286.19512908333564
1445309220000	275.12112730011273
1445309280000	280.6052060784821
1445309340000	265.4549027617084
1445309400000	340.7672058378286
1445309460000	205.7305156814693
1445309520000	230.72123259434866
1445309580000	284.6380949430039
1445309640000	288.2280768892635
1445309700000	309.3462604396695
1445309760000	284.7918725876939
1445309820000	247.5244113260475
1445309880000	267.95388955488886
1445309940000	315.4075254649728
1445310000000	306.9788208458577
1445310060000	346.5302746953881
1445310120000	310.7325610152752
1445310180000	261.4969121879686
1445310240000	315.21656117351307
1445310300000	340.9300127848755
1445310360000	292.40938428201446
1445310420000	290.6582520891606
1445310480000	192.8540157285856
1445310540000	97.25078403499003
1445310600000	43.875932564038024
1445310660000	262.0453283909458
1445310720000	256.0738454930261
1445310780000	351.27343181683943
1445310840000	340.907291635363
1445310900000	368.7273593325314
1445310960000	369.1202544376297
1445311020000	268.6482663190312
1445311080000	161.91605361250353
1445311140000	209.23762327680652
1445311200000	316.41821558603965
1445311260000	295.27123322234974
1445311320000	242.45067525149253
1445311380000	210.2419116725112
1445311440000	305.01566377566644
1445311500000	281.997584819308
1445311560000	233.21813170372042
1445311620000	303.39096350519173
1445311680000	291.8374838805579
1445311740000	335.01946319592
1445311800000	342.5584496422696
1445311860000	242.5380885493162
1445311920000	282.13375845044277
1445311980000	283.97285478025896
1445312040000	314.7750978725963
1445312100000	275.286433574589
1445312160000	248.44994147224625
1445312220000	301.8072526884051
1445312280000	0
1445312340000	0
1445312400000	40.387824080735264
1445312460000	264.8919670382532
1445312520000	322.72547725736837
1445312580000	281.32846562789916
1445312640000	332.69447755033156
1445312700000	317.33159175080783
1445312760000	240.8454156889577
1445312820000	288.78031915677764
1445312880000	271.1608494590894
1445312940000	364.4645842645207
1445313000000	355.1514747706304
1445313060000	209.37827870948254
1445313120000	293.3122857979275
1445313180000	321.87635515292203
1445313240000	307.6622694209888
1445313300000	300.88657670155385
1445313360000	316.73963096038256
1445313420000	320.7723990427639
1445313480000	339.32204973461245
1445313540000	340.4134536375384
1445313600000	290.06082398395426
