time	derivative
1445261400000	168.75781767619296
1445261460000	1485.947362941996
1445261520000	25.646245817049813
1445261580000	209.0632895554277
1445261640000	185.89541341713027
1445261700000	157.86262090244907
1445261760000	0
1445261820000	0
1445261880000	0
1445261940000	0
1445262000000	57.68627017313201
1445262060000	128.46330634594605
1445262120000	104.53469358328579
1445262180000	198.6347997393582
1445262240000	273.2826612638984
1445262300000	196.7336864181812
1445262360000	268.4162333922755
1445262420000	234.26494226350326
1445262480000	181.61506643107663
1445262540000	154.89744700201425
1445262600000	163.60570510586138
1445262660000	207.0878590428306
1445262720000	216.3809335431372
1445262780000	218.55835080507205
1445262840000	235.70560563985114
1445262900000	229.4230236655749
1445262960000	190.25741123082452
1445263020000	258.3562973277048
1445263080000	345.94049831347075
1445263140000	226.25529599493808
1445263200000	154.6747245063443
1445263260000	154.84140323755088
1445263320000	270.06581319731833
1445263380000	180.80086825597863
1445263440000	133.5201798003161
1445263500000	233.75978339013963
1445263560000	190.46583468603015
1445263620000	227.8755372400974
1445263680000	148.85682358993174
1445263740000	197.33559349738454
1445263800000	146.13508152574477
1445263860000	196.45805675990303
1445263920000	191.27541187524017
1445263980000	207.24132764838038
1445264040000	304.43429284588535
1445264100000	242.82662407112718
1445264160000	175.8847554322278
1445264220000	220.9711695014235
1445264280000	226.404887433405
1445264340000	221.42330675391977
1445264400000	230.88232378576916
1445264460000	275.12490621259155
1445264520000	189.93385331295357
1445264580000	224.6413582886243
1445264640000	236.097391638282
1445264700000	188.4832685163007
1445264760000	196.5204396703241
1445264820000	266.0965551337829
1445264880000	292.4947085268426
1445264940000	284.81720650563506
1445265000000	216.23996014337405
1445265060000	227.0348304492058
1445265120000	204.13479014652685
1445265180000	223.87866147929662
1445265240000	220.01526771416226
1445265300000	227.70267477803344
1445265360000	295.09201061006075
1445265420000	309.78167742023425
1445265480000	341.99708114165946
1445265540000	288.46023200172743
1445265600000	168.7244805709085
1445265660000	293.57654015374914
1445265720000	222.51562984111158
1445265780000	228.04040419881596
1445265840000	224.2541564131242
1445265900000	289.78579613521276
1445265960000	288.3811290648198
1445266020000	291.20755054381675
1445266080000	287.2338009699435
1445266140000	328.6236870134649
1445266200000	280.1455758455711
1445266260000	143.99949381996112
1445266320000	292.80124176253827
1445266380000	213.93204370698683
1445266440000	229.3775429642754
1445266500000	225.58486280437774
1445266560000	229.33175310495304
1445266620000	263.28593071744723
1445266680000	229.3177300245437
1445266740000	264.92613995483896
1445266800000	288.13423632035466
1445266860000	275.74246203591196
1445266920000	285.4192871548282
1445266980000	190.0044634878327
1445267040000	180.6346027427398
1445267100000	234.87582738970593
1445267160000	493.9542397544156
1445267220000	195.9737765857756
1445267280000	239.11742784366783
1445267340000	0.07919882155321481
1445267400000	105.80678807530825
1445267460000	246.18486260624474
1445267520000	299.55804270683524
1445267580000	293.36915164745113
1445267640000	191.40301281419394
1445267700000	242.98776003721932
1445267760000	222.3364817724807
1445267820000	225.42178883250608
1445267880000	314.7445502967416
1445267940000	227.4367594008828
1445268000000	279.5134993986782
1445268060000	283.25143523161915
1445268120000	287.6757177450776
1445268180000	319.21458994838326
1445268240000	226.34171090130644
1445268300000	304.3193725205906
1445268360000	191.51544040039494
1445268420000	268.22260826091417
1445268480000	233.5946048453549
1445268540000	223.50211866826388
1445268600000	365.73819264145453
1445268660000	226.20337792955092
1445268720000	283.89260566103167
1445268780000	266.4916381889059
1445268840000	382.5067570413201
1445268900000	187.1768924027125
1445268960000	0
1445269020000	0
1445269080000	0
1445269140000	0
1445269200000	84.84727915176308
1445269260000	305.01602979563256
1445269320000	281.3441189562505
1445269380000	290.05639076678057
1445269440000	234.16650725939905
1445269500000	316.94892829986566
1445269560000	262.3825419397342
1445269620000	260.75418917752353
1445269680000	221.9179729483593
1445269740000	292.57903069295804
1445269800000	297.16970396823274
1445269860000	257.6958113977099
1445269920000	245.31036831824673
1445269980000	289.7393124609712
1445270040000	299.44429302816116
1445270100000	278.7648386678228
1445270160000	227.6574195132625
1445270220000	305.44497866282603
1445270280000	287.49411878544396
1445270340000	276.33869346426843
1445270400000	246.70912182211924
1445270460000	291.107471349074
1445270520000	289.17572720250166
1445270580000	317.4979008583465
1445270640000	319.7318130266035
1445270700000	290.6440025043996
1445270760000	238.28652367779543
1445270820000	251.01181576418327
1445270880000	221.9512036755056
1445270940000	281.0294463946022
1445271000000	222.43270668256665
1445271060000	288.355694187154
1445271120000	332.6217510480028
1445271180000	223.16467972613972
1445271240000	255.23759907413591
1445271300000	215.65562946001282
1445271360000	237.89477767525742
1445271420000	228.00580052899204
1445271480000	221.4163127577851
1445271540000	287.90321639029764
1445271600000	295.6242361458356
1445271660000	243.48629645750387
1445271720000	309.5022167403654
1445271780000	269.339394830017
1445271840000	288.2191796007333
1445271900000	277.99347668357984
1445271960000	291.79711588047405
1445272020000	234.63865399900283
1445272080000	224.18297530177534
1445272140000	329.6238381679944
1445272200000	261.4382568973724
1445272260000	246.0439968979238
1445272320000	263.60281724718857
1445272380000	193.8718090517778
1445272440000	265.70588453966263
1445272500000	236.62390646792923
1445272560000	375.1951263090272
1445272620000	282.50726424622275
1445272680000	290.52210033740363
1445272740000	247.24326040019892
1445272800000	327.96604190217295
1445272860000	289.2815746993673
1445272920000	287.6439286623252
1445272980000	251.8263772623234
1445273040000	290.39567581780483
1445273100000	332.74630678833165
1445273160000	251.2286449092596
1445273220000	243.07807726774752
1445273280000	254.86352687575084
1445273340000	238.59257028388075
1445273400000	239.27089789767203
1445273460000	251.9500835480655
1445273520000	252.8336792872206
1445273580000	313.5639297460847
1445273640000	255.95940059057642
1445273700000	225.27536569153543
1445273760000	315.39260552341096
1445273820000	219.08087773448554
1445273880000	235.55851909735398
1445273940000	315.86648606759115
1445274000000	294.5156712196472
1445274060000	313.9555840439683
1445274120000	222.68296211625892
1445274180000	226.16555855837908
1445274240000	254.73576111697673
1445274300000	341.8451833989909
1445274360000	249.46565615927798
1445274420000	283.29253966550067
1445274480000	270.4960404310392
1445274540000	0
1445274600000	160.2514163076685
1445274660000	338.1353167648876
1445274720000	328.5025738826884
1445274780000	253.94048929560518
1445274840000	250.54123203314208
1445274900000	291.08982990981906
1445274960000	271.39793443139877
1445275020000	274.697424057608
1445275080000	255.1381420642682
1445275140000	297.6250345896045
1445275200000	242.88986036744794
1445275260000	256.1194139526461
1445275320000	311.9940261558768
1445275380000	288.1173552571031
1445275440000	282.0428689302305
1445275500000	241.05482842629357
1445275560000	284.1907647159959
1445275620000	260.1020447611679
1445275680000	246.39147574283652
1445275740000	264.45150967766114
1445275800000	308.0882262722789
1445275860000	262.97969351605525
1445275920000	278.9317447475565
1445275980000	295.9974321035609
1445276040000	281.2144678344199
1445276100000	234.80342936587627
1445276160000	115.1647201784222
1445276220000	0
1445276280000	0
1445276340000	0
1445276400000	69.3878259059448
1445276460000	398.6460549100835
1445276520000	303.517279201937
1445276580000	369.5858343595261
1445276640000	309.50550578433933
1445276700000	268.84283100228134
1445276760000	258.5889373340668
1445276820000	349.7998932904275
1445276880000	229.38015383331665
1445276940000	300.3133476436774
1445277000000	171.88530215811815
1445277060000	294.48405017112475
1445277120000	268.33853427834833
1445277180000	318.2404781200556
1445277240000	261.86416923988713
1445277300000	251.85634906206553
1445277360000	304.89143595044703
1445277420000	340.62799109910185
1445277480000	246.7541550485431
1445277540000	306.1231009550313
1445277600000	296.79213010957943
1445277660000	335.21860107480575
1445277720000	330.0321396748033
1445277780000	306.4065803706006
1445277840000	209.75851581179091
1445277900000	277.8159785741352
1445277960000	314.7360373529827
1445278020000	274.05392451033657
1445278080000	290.13678800105225
1445278140000	319.5382047108952
1445278200000	296.00189824378606
1445278260000	262.32860153442044
1445278320000	280.57270581451206
1445278380000	312.20825691518536
1445278440000	337.5466937404382
1445278500000	319.4820592093684
1445278560000	279.7686142467256
1445278620000	269.3569407932849
1445278680000	324.05357765009126
1445278740000	321.3575214513517
1445278800000	256.63098987167604
1445278860000	247.33375949056213
1445278920000	307.54478035487267
1445278980000	285.57986224810634
1445279040000	257.47600829528795
1445279100000	271.669567061172
1445279160000	255.12456831183013
1445279220000	244.56644318209857
1445279280000	319.06857179414436
1445279340000	304.67073535475913
1445279400000	295.42456061806826
1445279460000	253.95688101989464
1445279520000	310.826066761807
1445279580000	261.4772202814721
1445279640000	265.7875938190869
1445279700000	312.5418795029871
1445279760000	301.2986496852701
1445279820000	298.28098365516394
1445279880000	288.99858277678237
1445279940000	264.3363020977717
1445280000000	418.55318742660523
1445280060000	395.80603952193377
1445280120000	297.0313552736939
1445280180000	356.69978426522664
1445280240000	314.2587899328396
1445280300000	329.2493030807307
1445280360000	242.33469955550947
1445280420000	236.8187474936732
1445280480000	257.0083608714102
1445280540000	270.66981727073505
1445280600000	242.12306740156507
1445280660000	246.54698548181298
1445280720000	327.27092991201823
1445280780000	318.0556081909021
1445280840000	248.74223366681346
1445280900000	302.24227503857014
1445280960000	306.82382477898364
1445281020000	321.19481237240154
1445281080000	274.04827120356293
1445281140000	343.2869975846798
1445281200000	357.19987309259994
1445281260000	313.8027977859284
1445281320000	314.62514594830463
1445281380000	236.2029898246634
1445281440000	284.8092935365734
1445281500000	315.8254810446597
1445281560000	271.19179393371684
1445281620000	284.32785969192184
1445281680000	245.89791579327704
1445281740000	111.33144505123137
1445281800000	136.17071464103086
1445281860000	322.64915568309794
1445281920000	323.95222989001223
1445281980000	385.93627041321935
1445282040000	296.3610087884481
1445282100000	287.93852500355524
1445282160000	301.7071736372967
1445282220000	239.71887628941823
1445282280000	292.65142748466417
1445282340000	332.6794641093585
1445282400000	265.43466734723523
1445282460000	232.72318853573424
1445282520000	336.7212425248076
1445282580000	338.7994495063057
1445282640000	329.6370846073134
1445282700000	263.1737526751555
1445282760000	316.9742249896108
1445282820000	289.64463471489114
1445282880000	267.7838309568697
1445282940000	281.5371286286999
1445283000000	275.42646716251375
1445283060000	253.87195853239734
1445283120000	263.76412528518557
1445283180000	336.93610249507253
1445283240000	284.74912389305956
1445283300000	255.32168438935028
1445283360000	0
1445283420000	0
1445283480000	0
1445283540000	0
1445283600000	71.01481558478778
1445283660000	327.2367228512008
1445283720000	300.6389350577473
1445283780000	283.8584648877146
1445283840000	264.38161336576724
1445283900000	282.6989284911042
1445283960000	266.4541656330866
1445284020000	347.115257341921
1445284080000	328.99240197788174
1445284140000	264.7115065636963
1445284200000	284.57170622057004
1445284260000	259.7280148177699
1445284320000	269.6737213398679
1445284380000	250.54901389552006
1445284440000	318.43945117032706
1445284500000	279.62072059621977
1445284560000	292.32679952135686
1445284620000	294.95425038517897
1445284680000	324.34473996492125
1445284740000	238.67732055993702
1445284800000	289.70146505378153
1445284860000	353.5748890290808
1445284920000	333.1927587992729
1445284980000	350.8428223957496
1445285040000	332.854785487224
1445285100000	250.41801238768522
1445285160000	372.6875918542389
1445285220000	301.1895699011752
1445285280000	280.23549608934377
1445285340000	331.16469204299267
1445285400000	345.3928381413598
1445285460000	331.0628906189174
1445285520000	323.3139137834049
1445285580000	339.29529484250156
1445285640000	309.7502624652459
1445285700000	285.72802187715513
1445285760000	193.62244172917275
1445285820000	315.5123932771559
1445285880000	334.1472284274508
1445285940000	344.4762087235935
1445286000000	266.3645228801044
1445286060000	367.7646521626644
1445286120000	307.9922971231496
1445286180000	318.82478570023704
1445286240000	235.1870710430522
1445286300000	361.07280689599
1445286360000	333.27807725306667
1445286420000	343.16610652260204
1445286480000	314.7441759862426
1445286540000	348.86412496173665
1445286600000	260.9817527297991
1445286660000	258.3622615786617
1445286720000	315.9181194219965
1445286780000	324.4880001523107
1445286840000	267.49287317328896
1445286900000	337.59049809423476
1445286960000	320.2725663427807
1445287020000	292.140107340317
1445287080000	306.75910680491864
1445287140000	273.81539703252366
1445287200000	277.10612035869525
1445287260000	358.72643637419856
1445287320000	321.65424536872536
1445287380000	316.6153775742394
1445287440000	327.07740617365465
1445287500000	302.80315145033956
1445287560000	304.4459754699663
1445287620000	292.12080776038295
1445287680000	327.7667320442939
1445287740000	295.907092459759
1445287800000	298.37630329817915
1445287860000	282.29609984588444
1445287920000	317.9857500314261
1445287980000	356.6670317729428
1445288040000	325.09677654910007
1445288100000	277.8944251943399
1445288160000	334.88190496843634
1445288220000	313.73779674210004
1445288280000	331.95623699511793
1445288340000	293.2146877826916
1445288400000	240.0792907902652
1445288460000	335.40561182934323
1445288520000	340.21513205920434
1445288580000	283.0013060029582
1445288640000	272.99643310625805
1445288700000	304.3075915479457
1445288760000	292.7047617674935
1445288820000	290.23429293926705
1445288880000	202.5482252661577
1445288940000	0
1445289000000	120.32945095373559
1445289060000	313.7646935612275
1445289120000	313.55943905564914
1445289180000	341.22087959855
1445289240000	283.1774831024616
1445289300000	265.0115352264343
1445289360000	284.8519169726708
1445289420000	297.28015503781774
1445289480000	280.50382095434776
1445289540000	253.69893341762526
1445289600000	286.1528029719024
1445289660000	318.2684612283995
1445289720000	412.4769886271022
1445289780000	262.84920289690746
1445289840000	191.883437545833
1445289900000	343.20422090256807
1445289960000	324.2939852997957
1445290020000	359.16774246361797
1445290080000	329.61060781472963
1445290140000	315.35918814679343
1445290200000	331.52433800072146
1445290260000	242.31713192020592
1445290320000	291.43315222373195
1445290380000	305.1341071133993
1445290440000	250.3215150311624
1445290500000	318.5524532768439
1445290560000	0
1445290620000	0
1445290680000	0
1445290740000	0
1445290800000	105.57395641767687
1445290860000	369.7528285182153
1445290920000	412.55094728821643
1445290980000	309.2591128688369
1445291040000	342.6511688667794
1445291100000	342.0763981967144
1445291160000	344.52961851613145
1445291220000	317.8756377524889
1445291280000	295.2585953291617
1445291340000	338.9787196362516
1445291400000	365.6506383943718
1445291460000	271.8676186153725
1445291520000	330.7413902965863
1445291580000	327.6665528946814
1445291640000	409.8565912183706
1445291700000	279.83377421032617
1445291760000	339.8664337599865
1445291820000	309.10129687317925
1445291880000	276.6699527659124
1445291940000	315.7667222613716
1445292000000	273.6242542607725
1445292060000	298.0912591493246
1445292120000	253.72980237368742
1445292180000	307.9790272461037
1445292240000	320.5521614026107
1445292300000	318.6182668653491
1445292360000	329.06364926712905
1445292420000	245.52597614584388
1445292480000	265.5637797884894
1445292540000	283.04934463942413
1445292600000	288.3966569704887
1445292660000	287.7242985533491
1445292720000	339.6055780909032
1445292780000	249.44193719577206
1445292840000	387.31873143597835
1445292900000	314.3837535978924
1445292960000	301.1602659216097
1445293020000	294.1791341144599
1445293080000	346.9690097831104
1445293140000	275.67976150915575
1445293200000	283.82324836635286
1445293260000	246.17899632910184
1445293320000	350.5782719272052
1445293380000	316.6384821553028
1445293440000	282.6383845508766
1445293500000	294.64543971596953
1445293560000	315.737393031476
1445293620000	315.8894622970322
1445293680000	367.0224575977512
1445293740000	344.20627343222407
1445293800000	334.7234502053589
1445293860000	282.00744410189094
1445293920000	238.8589925713924
1445293980000	281.2300261640545
1445294040000	324.257225338107
1445294100000	313.44626107816185
1445294160000	342.0762898984959
1445294220000	321.8907703997822
1445294280000	333.7157985109695
1445294340000	314.46600586876633
1445294400000	278.9550666162664
1445294460000	326.8455986022977
1445294520000	321.6614128569943
1445294580000	250.50572407194107
1445294640000	369.12439420871124
1445294700000	303.3263606754691
1445294760000	274.0260227835602
1445294820000	251.67017842345558
1445294880000	283.07064276588
1445294940000	336.422517510578
1445295000000	281.73727093785436
1445295060000	306.10531932676327
1445295120000	433.406641582336
1445295180000	319.3537482560342
1445295240000	316.4231614472806
1445295300000	348.059930045185
1445295360000	324.3191435909293
1445295420000	287.0081082167122
1445295480000	333.86146254707404
1445295540000	333.30815233949323
1445295600000	328.5678663335147
1445295660000	323.5190695648623
1445295720000	326.10200914869
1445295780000	306.6876232579163
1445295840000	275.31116250441306
1445295900000	268.0075330306418
1445295960000	220.3169822469685
1445296020000	299.20486146507955
1445296080000	339.938867620714
1445296140000	0
1445296200000	108.24921366451377
1445296260000	313.1053877039731
1445296320000	250.568265997011
1445296380000	295.8150709902654
1445296440000	308.80654448110175
1445296500000	368.66980220400745
1445296560000	297.2515133707896
1445296620000	320.90634148896385
1445296680000	369.10497618634565
1445296740000	304.0488859933863
1445296800000	284.05185145655014
1445296860000	362.15052726492087
1445296920000	250.81273085665595
1445296980000	356.17165923306635
1445297040000	361.84886345477986
1445297100000	314.2655984278553
1445297160000	357.04648379930586
1445297220000	273.8540953042141
1445297280000	321.44112987521476
1445297340000	294.8106808132916
1445297400000	294.84169423418535
1445297460000	293.571367780242
1445297520000	281.7558691244392
1445297580000	397.91061174088577
1445297640000	317.70202592827576
1445297700000	325.0593706592562
1445297760000	178.15775147606763
1445297820000	0
1445297880000	0
1445297940000	0
1445298000000	74.16067363414489
1445298060000	324.60639866801273
1445298120000	318.6837615050099
1445298180000	331.7276536435742
1445298240000	287.1704363429581
1445298300000	310.0402254781471
1445298360000	285.7104927905887
1445298420000	328.99168873686097
1445298480000	302.59858235970904
1445298540000	273.02108446109975
1445298600000	290.76863187999277
1445298660000	291.0173208893257
1445298720000	250.2724248895647
1445298780000	288.4074654657923
1445298840000	288.99207727198706
1445298900000	370.8015219727813
1445298960000	230.30601639101417
1445299020000	344.8544261566497
1445299080000	347.5367615227457
1445299140000	259.5512944585858
1445299200000	295.32429942959254
1445299260000	287.68069640708626
1445299320000	281.8323560209238
1445299380000	323.91189834127704
1445299440000	320.6447629794823
1445299500000	256.5118323762678
1445299560000	330.0207857323681
1445299620000	336.4635697754601
1445299680000	327.414713329072
1445299740000	324.8487655677581
1445299800000	400.08787997981193
1445299860000	196.63650197114987
1445299920000	341.7864559672102
1445299980000	362.3586795596405
1445300040000	258.63573923831615
1445300100000	313.92072537078406
1445300160000	288.0630511631111
1445300220000	274.2936665968399
1445300280000	296.68369918195856
1445300340000	356.69077708389375
1445300400000	330.8839804994555
1445300460000	325.21530916315754
1445300520000	348.0415998922808
1445300580000	297.08084330632147
1445300640000	333.1334351169531
1445300700000	306.99075317010727
1445300760000	312.28330333357474
1445300820000	330.28502658538844
1445300880000	348.97178288758516
1445300940000	325.12453275225835
1445301000000	248.2137009234645
1445301060000	306.9858420245688
1445301120000	264.3292245039447
1445301180000	315.96433642429963
1445301240000	324.95908954747466
1445301300000	313.8275677913983
1445301360000	238.63100150049442
1445301420000	331.6589361414001
1445301480000	275.0180425078093
1445301540000	262.7613835186207
1445301600000	291.7510015587551
1445301660000	353.9731280386214
1445301720000	281.6027844326134
1445301780000	318.9187225863606
1445301840000	296.454303538067
1445301900000	272.06438070712085
1445301960000	297.0568167577177
1445302020000	220.0879592913168
1445302080000	298.21730278872155
1445302140000	276.14291869181227
1445302200000	273.863356592549
1445302260000	337.5609158583127
1445302320000	345.22945593745357
1445302380000	344.8999365883387
1445302440000	345.3693265060875
1445302500000	327.2674959394076
1445302560000	279.5815749200791
1445302620000	199.5613408267444
1445302680000	303.5344682749238
1445302740000	349.6967713864623
1445302800000	316.4621651295699
1445302860000	356.343609132917
1445302920000	280.36314047876
1445302980000	309.8641963921178
1445303040000	275.10812794142504
1445303100000	258.29186898028115
1445303160000	316.364420104354
1445303220000	280.89910307568783
1445303280000	223.11644558813921
1445303340000	0
1445303400000	73.9770096879227
1445303460000	335.0240961923086
1445303520000	320.68315089679965
1445303580000	366.82505321387225
1445303640000	310.60985695275656
1445303700000	275.0613948157035
1445303760000	259.5344270257305
1445303820000	308.7994813817334
1445303880000	293.02131483387245
1445303940000	285.80537003230774
1445304000000	305.6800534887515
1445304060000	294.4725014602745
1445304120000	338.98466167201497
1445304180000	350.2793239862643
1445304240000	384.4539098675546
1445304300000	329.331159399015
1445304360000	306.4964553772076
1445304420000	280.2793078668979
1445304480000	307.9876554940116
1445304540000	236.65031660567308
1445304600000	348.68723966256766
1445304660000	262.3892542605762
1445304720000	350.819025744946
1445304780000	296.5997735416366
1445304840000	287.25116948222893
1445304900000	288.0758353370491
1445304960000	127.78669660918516
1445305020000	0
1445305080000	0
1445305140000	0
1445305200000	114.98720545278371
1445305260000	345.89121158777556
1445305320000	301.5552987020285
1445305380000	259.96224099872336
1445305440000	318.55661079338984
1445305500000	316.87041270609984
1445305560000	278.0846349334514
1445305620000	327.91864753691857
1445305680000	278.90119576909103
1445305740000	251.85904111235237
1445305800000	333.7149781284928
1445305860000	398.28928770127254
1445305920000	297.1995304166659
1445305980000	292.61902938125445
1445306040000	315.1359366133961
1445306100000	328.78035189626144
1445306160000	286.0904078946066
1445306220000	290.99882013425923
1445306280000	302.0248782014652
1445306340000	282.0087047171407
1445306400000	285.1921300144776
1445306460000	279.9531181451047
1445306520000	307.0013913854189
1445306580000	277.13772443100805
1445306640000	344.81593342432933
1445306700000	342.1352300201003
1445306760000	293.3007605401103
1445306820000	386.51503386639155
1445306880000	307.57290507129596
1445306940000	258.92550623368896
1445307000000	296.8029773634037
1445307060000	339.55440899700363
1445307120000	318.3323344049902
1445307180000	331.9303823268635
1445307240000	295.2663604410663
1445307300000	347.9597119105279
1445307360000	293.095222541925
1445307420000	269.5917533727389
1445307480000	334.78309532504585
1445307540000	295.7653746037922
1445307600000	317.87220445362937
1445307660000	341.9304251508384
1445307720000	283.7802893073444
1445307780000	363.57164166531015
1445307840000	347.79904556007136
1445307900000	349.7849529379694
1445307960000	288.3670177548976
1445308020000	268.321588308769
1445308080000	317.25244208699957
1445308140000	364.66592905174275
1445308200000	296.93092798812955
1445308260000	280.97210647037264
1445308320000	340.84763378912476
1445308380000	279.3237499985159
1445308440000	322.4413798662782
1445308500000	330.1248541568248
1445308560000	338.6806522740582
1445308620000	326.83029716854753
1445308680000	376.4154401897877
1445308740000	330.857279428329
1445308800000	302.909641574681
1445308860000	335.54215071401245
1445308920000	245.89119461332558
1445308980000	215.31541627263232
1445309040000	340.068760952336
1445309100000	302.5865671860575
1445309160000	302.4768653532145
1445309220000	252.6017645313796
1445309280000	286.72124793246235
1445309340000	315.5635685613922
1445309400000	277.46377739511485
1445309460000	299.4810233675943
1445309520000	249.29237237236265
1445309580000	277.85592283037016
1445309640000	308.6765579421283
1445309700000	297.61334809728965
1445309760000	355.3713487171567
1445309820000	358.75655092469117
1445309880000	287.0265370357119
1445309940000	266.15052581186563
1445310000000	331.0075280984753
1445310060000	330.5086556702891
1445310120000	290.15624942288156
1445310180000	255.64525546811657
1445310240000	279.43284396953794
1445310300000	223.21641657043233
1445310360000	291.1864787433467
1445310420000	276.871873247914
1445310480000	261.59305931729665
1445310540000	91.0235953540528
1445310600000	55.12800265452802
1445310660000	262.31754931645594
1445310720000	365.2565255635562
1445310780000	319.68195484209434
1445310840000	406.71088292219065
1445310900000	298.7998469916885
1445310960000	341.9518050988695
1445311020000	311.47250809722476
1445311080000	308.3844416958981
1445311140000	260.31637886998067
1445311200000	288.45017408730905
1445311260000	193.86998153210382
1445311320000	274.53285106524197
1445311380000	321.3012985355221
1445311440000	330.14025557487247
1445311500000	295.60021367026644
1445311560000	256.60235261946355
1445311620000	267.22107187399644
1445311680000	349.75058063461887
1445311740000	246.339205921257
1445311800000	359.3828994191263
1445311860000	300.76622843857854
1445311920000	304.2923722870218
1445311980000	263.07416294488144
1445312040000	196.21026568156796
1445312100000	300.0047031287737
1445312160000	195.28348767421446
1445312220000	264.07561663683646
1445312280000	0
1445312340000	0
1445312400000	79.8824460068366
1445312460000	327.4568093149551
1445312520000	300.21298785116005
1445312580000	345.9448020437196
1445312640000	360.1640252719803
1445312700000	336.96557040824734
1445312760000	311.7420718327645
1445312820000	216.61752643298135
1445312880000	334.476160585766
1445312940000	246.88906510746625
1445313000000	264.47875903527864
1445313060000	332.8540082614428
1445313120000	331.04954685118327
1445313180000	198.1182778968223
1445313240000	317.80849394453116
1445313300000	290.2131381444042
1445313360000	322.94974771065546
1445313420000	318.9921368240387
1445313480000	297.2735134289108
1445313540000	278.75204246022025
1445313600000	282.9761484785049
