time	derivative
1445261400000	0
1445261460000	0
1445261520000	0
1445261580000	0
1445261640000	0
1445261700000	0
1445261760000	0
1445261820000	0
1445261880000	0
1445261940000	0
1445262000000	0
1445262060000	0
1445262120000	0
1445262180000	0
1445262240000	0
1445262300000	0
1445262360000	0
1445262420000	0
1445262480000	0
1445262540000	55.79297555521743
1445262600000	0
1445262660000	0.08083786997143735
1445262720000	0
1445262780000	0
1445262840000	0
1445262900000	0
1445262960000	0
1445263020000	0
1445263080000	0
1445263140000	0
1445263200000	0
1445263260000	0
1445263320000	0
1445263380000	0
1445263440000	0
1445263500000	0
1445263560000	0
1445263620000	0
1445263680000	0
1445263740000	0
1445263800000	0
1445263860000	0
1445263920000	0
1445263980000	0
1445264040000	0
1445264100000	0
1445264160000	0
1445264220000	0
1445264280000	0
1445264340000	0
1445264400000	0
1445264460000	0
1445264520000	0
1445264580000	0
1445264640000	0
1445264700000	0
1445264760000	0
1445264820000	0
1445264880000	0
1445264940000	0
1445265000000	0
1445265060000	0
1445265120000	0
1445265180000	0
1445265240000	0
1445265300000	0
1445265360000	0
1445265420000	0
1445265480000	0
1445265540000	0
1445265600000	0
1445265660000	0
1445265720000	0
1445265780000	0
1445265840000	0
1445265900000	0
1445265960000	0
1445266020000	0
1445266080000	0
1445266140000	0
1445266200000	0
1445266260000	0
1445266320000	0
1445266380000	0
1445266440000	0
1445266500000	0
1445266560000	0
1445266620000	0
1445266680000	0
1445266740000	0
1445266800000	0
1445266860000	0
1445266920000	0
1445266980000	0
1445267040000	0
1445267100000	0
1445267160000	0
1445267220000	0
1445267280000	0
1445267340000	0
1445267400000	0
1445267460000	0
1445267520000	0
1445267580000	0
1445267640000	0
1445267700000	0
1445267760000	0
1445267820000	0
1445267880000	0
1445267940000	0
1445268000000	0
1445268060000	0
1445268120000	0
1445268180000	0
1445268240000	0
1445268300000	0
1445268360000	0
1445268420000	0
1445268480000	0
1445268540000	0
1445268600000	0
1445268660000	0
1445268720000	0
1445268780000	0
1445268840000	0
1445268900000	0
1445268960000	0
1445269020000	0
1445269080000	0
1445269140000	0
1445269200000	0
1445269260000	0
1445269320000	0
1445269380000	0
1445269440000	0
1445269500000	0
1445269560000	0
1445269620000	0
1445269680000	0
1445269740000	0
1445269800000	0
1445269860000	0
1445269920000	0
1445269980000	0
1445270040000	0
1445270100000	0
1445270160000	0
1445270220000	0
1445270280000	0
1445270340000	0
1445270400000	0
1445270460000	0
1445270520000	0
1445270580000	0
1445270640000	0
1445270700000	0
1445270760000	0
1445270820000	0
1445270880000	0
1445270940000	0
1445271000000	0
1445271060000	0
1445271120000	0
1445271180000	0
1445271240000	0
1445271300000	0
1445271360000	0
1445271420000	0
1445271480000	0
1445271540000	0
1445271600000	0
1445271660000	0
1445271720000	0
1445271780000	0
1445271840000	0
1445271900000	0
1445271960000	0
1445272020000	0
1445272080000	0
1445272140000	0
1445272200000	0
1445272260000	0
1445272320000	0
1445272380000	0
1445272440000	0
1445272500000	0
1445272560000	0
1445272620000	0
1445272680000	0
1445272740000	0
1445272800000	0
1445272860000	0
1445272920000	0
1445272980000	0
1445273040000	0
1445273100000	0
1445273160000	0
1445273220000	0
1445273280000	0
1445273340000	0
1445273400000	0
1445273460000	0
1445273520000	0
1445273580000	0
1445273640000	0
1445273700000	0
1445273760000	0
1445273820000	0
1445273880000	0
1445273940000	0
1445274000000	0
1445274060000	0
1445274120000	0
1445274180000	0
1445274240000	0
1445274300000	0
1445274360000	0
1445274420000	0
1445274480000	0
1445274540000	0
1445274600000	0
1445274660000	0
1445274720000	0
1445274780000	0
1445274840000	0
1445274900000	0
1445274960000	0
1445275020000	0
1445275080000	0
1445275140000	0
1445275200000	0
1445275260000	0
1445275320000	0
1445275380000	0
1445275440000	0
1445275500000	0
1445275560000	0
1445275620000	0
1445275680000	0
1445275740000	0
1445275800000	0
1445275860000	0
1445275920000	0
1445275980000	0
1445276040000	0
1445276100000	0
1445276160000	0
1445276220000	0
1445276280000	0
1445276340000	0
1445276400000	0
1445276460000	0
1445276520000	0
1445276580000	0
1445276640000	0
1445276700000	0
1445276760000	0
1445276820000	0
1445276880000	0
1445276940000	0
1445277000000	0
1445277060000	0
1445277120000	0
1445277180000	0
1445277240000	0
1445277300000	0
1445277360000	0
1445277420000	0
1445277480000	0
1445277540000	0
1445277600000	0
1445277660000	0
1445277720000	0
1445277780000	0
1445277840000	0
1445277900000	0
1445277960000	0
1445278020000	0
1445278080000	0
1445278140000	0
1445278200000	0
1445278260000	0
1445278320000	0
1445278380000	0
1445278440000	0
1445278500000	0
1445278560000	0
1445278620000	0
1445278680000	0
1445278740000	0
1445278800000	0
1445278860000	0
1445278920000	0
1445278980000	0
1445279040000	0
1445279100000	0
1445279160000	0
1445279220000	0
1445279280000	0
1445279340000	0
1445279400000	0
1445279460000	0
1445279520000	0
1445279580000	0
1445279640000	0
1445279700000	0
1445279760000	0
1445279820000	0
1445279880000	0
1445279940000	0
1445280000000	0
1445280060000	0
1445280120000	0
1445280180000	0
1445280240000	0
1445280300000	0
1445280360000	0
1445280420000	0
1445280480000	0
1445280540000	0
1445280600000	0
1445280660000	0
1445280720000	0
1445280780000	0
1445280840000	0
1445280900000	0
1445280960000	0
1445281020000	0
1445281080000	0
1445281140000	0
1445281200000	0
1445281260000	0
1445281320000	0
1445281380000	0
1445281440000	0
1445281500000	0
1445281560000	0
1445281620000	0
1445281680000	0
1445281740000	0
1445281800000	0
1445281860000	0
1445281920000	0
1445281980000	0
1445282040000	0
1445282100000	0
1445282160000	0
1445282220000	0
1445282280000	0
1445282340000	0
1445282400000	0
1445282460000	0
1445282520000	0
1445282580000	0
1445282640000	0
1445282700000	0
1445282760000	0
1445282820000	0
1445282880000	0
1445282940000	0
1445283000000	0
1445283060000	0
1445283120000	0
1445283180000	0
1445283240000	0
1445283300000	0
1445283360000	0
1445283420000	0
1445283480000	0
1445283540000	0
1445283600000	0
1445283660000	0
1445283720000	0
1445283780000	0
1445283840000	0
1445283900000	0
1445283960000	0
1445284020000	0
1445284080000	0
1445284140000	0
1445284200000	0
1445284260000	0
1445284320000	0
1445284380000	0
1445284440000	0
1445284500000	0
1445284560000	0
1445284620000	0
1445284680000	0
1445284740000	0
1445284800000	0
1445284860000	0
1445284920000	0
1445284980000	0
1445285040000	0
1445285100000	0
1445285160000	0
1445285220000	0
1445285280000	0
1445285340000	0
1445285400000	0
1445285460000	0
1445285520000	0
1445285580000	0
1445285640000	0
1445285700000	0
1445285760000	0
1445285820000	0
1445285880000	0
1445285940000	0
1445286000000	0
1445286060000	0
1445286120000	0
1445286180000	0
1445286240000	0
1445286300000	0
1445286360000	0
1445286420000	0
1445286480000	0
1445286540000	0
1445286600000	0
1445286660000	0
1445286720000	0
1445286780000	0
1445286840000	0
1445286900000	0
1445286960000	0
1445287020000	0
1445287080000	0
1445287140000	0
1445287200000	0
1445287260000	0
1445287320000	0
1445287380000	0
1445287440000	0
1445287500000	0
1445287560000	0
1445287620000	0
1445287680000	0
1445287740000	0
1445287800000	0
1445287860000	0
1445287920000	0
1445287980000	0
1445288040000	0
1445288100000	0
1445288160000	0
1445288220000	0
1445288280000	0
1445288340000	0
1445288400000	0
1445288460000	0
1445288520000	0
1445288580000	0
1445288640000	0
1445288700000	0
1445288760000	0
1445288820000	0
1445288880000	0
1445288940000	0
1445289000000	0
1445289060000	0
1445289120000	0
1445289180000	0
1445289240000	0
1445289300000	0
1445289360000	0
1445289420000	0
1445289480000	0
1445289540000	0
1445289600000	0
1445289660000	0
1445289720000	0
1445289780000	0
1445289840000	0
1445289900000	0
1445289960000	0
1445290020000	0
1445290080000	0
1445290140000	0
1445290200000	0
1445290260000	0
1445290320000	0
1445290380000	0
1445290440000	0
1445290500000	0
1445290560000	0
1445290620000	0
1445290680000	0
1445290740000	0
1445290800000	0
1445290860000	0
1445290920000	0
1445290980000	0
1445291040000	0
1445291100000	0
1445291160000	0
1445291220000	0
1445291280000	0
1445291340000	0
1445291400000	0
1445291460000	0
1445291520000	0
1445291580000	0
1445291640000	0
1445291700000	0
1445291760000	0
1445291820000	0
1445291880000	0
1445291940000	0
1445292000000	0
1445292060000	0
1445292120000	0
1445292180000	0
1445292240000	0
1445292300000	0
1445292360000	0
1445292420000	0
1445292480000	0
1445292540000	0
1445292600000	0
1445292660000	0
1445292720000	0
1445292780000	0
1445292840000	0
1445292900000	0
1445292960000	0
1445293020000	0
1445293080000	0
1445293140000	0
1445293200000	0
1445293260000	0
1445293320000	0
1445293380000	0
1445293440000	0
1445293500000	0
1445293560000	0
1445293620000	0
1445293680000	0
1445293740000	0
1445293800000	0
1445293860000	0
1445293920000	0
1445293980000	0
1445294040000	0
1445294100000	0
1445294160000	0
1445294220000	0
1445294280000	0
1445294340000	0
1445294400000	0
1445294460000	0
1445294520000	0
1445294580000	0
1445294640000	0
1445294700000	0
1445294760000	0
1445294820000	0
1445294880000	0
1445294940000	0
1445295000000	0
1445295060000	0
1445295120000	0
1445295180000	0
1445295240000	0
1445295300000	0
1445295360000	0
1445295420000	0
1445295480000	0
1445295540000	0
1445295600000	0
1445295660000	0
1445295720000	0
1445295780000	0
1445295840000	0
1445295900000	0
1445295960000	0
1445296020000	0
1445296080000	0
1445296140000	0
1445296200000	0
1445296260000	0
1445296320000	0
1445296380000	0
1445296440000	0
1445296500000	0
1445296560000	0
1445296620000	0
1445296680000	0
1445296740000	0
1445296800000	0
1445296860000	0
1445296920000	0
1445296980000	0
1445297040000	0
1445297100000	0
1445297160000	0
1445297220000	0
1445297280000	0
1445297340000	0
1445297400000	0
1445297460000	0
1445297520000	0
1445297580000	0
1445297640000	0
1445297700000	0
1445297760000	0
1445297820000	0
1445297880000	0
1445297940000	0
1445298000000	0
1445298060000	0
1445298120000	0
1445298180000	0
1445298240000	0
1445298300000	0
1445298360000	0
1445298420000	0
1445298480000	0
1445298540000	0
1445298600000	0
1445298660000	0
1445298720000	0
1445298780000	0
1445298840000	0
1445298900000	0
1445298960000	0
1445299020000	0
1445299080000	0
1445299140000	0
1445299200000	0
1445299260000	0
1445299320000	0
1445299380000	0
1445299440000	0
1445299500000	0
1445299560000	0
1445299620000	0
1445299680000	0
1445299740000	0
1445299800000	0
1445299860000	0
1445299920000	0
1445299980000	0
1445300040000	0
1445300100000	0
1445300160000	0
1445300220000	0
1445300280000	0
1445300340000	0
1445300400000	0
1445300460000	0
1445300520000	0
1445300580000	0
1445300640000	0
1445300700000	0
1445300760000	0
1445300820000	0
1445300880000	0
1445300940000	0
1445301000000	0
1445301060000	0
1445301120000	0
1445301180000	0
1445301240000	0
1445301300000	0
1445301360000	0
1445301420000	0
1445301480000	0
1445301540000	0
1445301600000	0
1445301660000	0
1445301720000	0
1445301780000	0
1445301840000	0
1445301900000	0
1445301960000	0
1445302020000	0
1445302080000	0
1445302140000	0
1445302200000	0
1445302260000	0
1445302320000	0
1445302380000	0
1445302440000	0
1445302500000	0
1445302560000	0
1445302620000	0
1445302680000	0
1445302740000	0
1445302800000	0
1445302860000	0
1445302920000	0
1445302980000	0
1445303040000	0
1445303100000	0
1445303160000	0
1445303220000	0
1445303280000	0
1445303340000	0
1445303400000	0
1445303460000	0
1445303520000	0
1445303580000	0
1445303640000	0
1445303700000	0
1445303760000	0
1445303820000	0
1445303880000	0
1445303940000	0
1445304000000	0
1445304060000	0
1445304120000	0
1445304180000	0
1445304240000	0
1445304300000	0
1445304360000	0
1445304420000	0
1445304480000	0
1445304540000	0
1445304600000	0
1445304660000	0
1445304720000	0
1445304780000	0
1445304840000	0
1445304900000	0
1445304960000	0
1445305020000	0
1445305080000	0
1445305140000	0
1445305200000	0
1445305260000	0
1445305320000	0
1445305380000	0
1445305440000	0
1445305500000	0
1445305560000	0
1445305620000	0
1445305680000	0
1445305740000	0
1445305800000	0
1445305860000	0
1445305920000	0
1445305980000	0
1445306040000	0
1445306100000	0
1445306160000	0
1445306220000	0
1445306280000	0
1445306340000	0
1445306400000	0
1445306460000	0
1445306520000	0
1445306580000	0
1445306640000	0
1445306700000	0
1445306760000	0
1445306820000	0
1445306880000	0
1445306940000	0
1445307000000	0
1445307060000	0
1445307120000	0
1445307180000	0
1445307240000	0
1445307300000	0
1445307360000	0
1445307420000	0
1445307480000	0
1445307540000	0
1445307600000	0
1445307660000	0
1445307720000	0
1445307780000	0
1445307840000	0
1445307900000	0
1445307960000	0
1445308020000	0
1445308080000	0
1445308140000	0
1445308200000	0
1445308260000	0
1445308320000	0
1445308380000	0
1445308440000	0
1445308500000	0
1445308560000	0
1445308620000	0
1445308680000	0
1445308740000	0
1445308800000	0
1445308860000	0
1445308920000	0
1445308980000	0
1445309040000	0
1445309100000	0
1445309160000	0
1445309220000	0
1445309280000	0
1445309340000	0
1445309400000	0
1445309460000	0
1445309520000	0
1445309580000	0
1445309640000	0
1445309700000	0
1445309760000	0
1445309820000	0
1445309880000	0
1445309940000	0
1445310000000	0
1445310060000	0
1445310120000	0
1445310180000	0
1445310240000	0
1445310300000	0
1445310360000	0
1445310420000	0
1445310480000	0
1445310540000	0
1445310600000	0
1445310660000	0
1445310720000	0
1445310780000	0
1445310840000	0
1445310900000	0
1445310960000	0
1445311020000	0
1445311080000	0
1445311140000	0
1445311200000	0
1445311260000	0
1445311320000	0
1445311380000	0
1445311440000	0
1445311500000	0
1445311560000	0
1445311620000	0
1445311680000	0
1445311740000	0
1445311800000	0
1445311860000	0
1445311920000	0
1445311980000	0
1445312040000	0
1445312100000	0
1445312160000	0
1445312220000	0
1445312280000	0
1445312340000	22.222575538726243
1445312400000	0
1445312460000	0
1445312520000	0
1445312580000	0
1445312640000	0
1445312700000	0
1445312760000	0
1445312820000	0
1445312880000	0
1445312940000	0
1445313000000	0
1445313060000	0
1445313120000	0
1445313180000	0
1445313240000	0
1445313300000	0
1445313360000	0
1445313420000	0
1445313480000	0
1445313540000	0
1445313600000	0
