time	derivative
1445261400000	0
1445261460000	2.099003580799195
1445261520000	13.613372003752225
1445261580000	47.866302218179825
1445261640000	2.2622925401994234
1445261700000	1.9332626457327617
1445261760000	0
1445261820000	0
1445261880000	0
1445261940000	0
1445262000000	1.742421683392397
1445262060000	3.0522009903267717
1445262120000	3.0464250933072905
1445262180000	3.6805435426703816
1445262240000	3.517687050410614
1445262300000	3.23445725534348
1445262360000	3.881085952106187
1445262420000	3.1292750460655365
1445262480000	3.4775532630751655
1445262540000	3.3492437028935353
1445262600000	3.6945974962027206
1445262660000	3.407766482088561
1445262720000	3.47379270808498
1445262780000	3.3306469418882
1445262840000	3.4877079399712354
1445262900000	4.045603008051478
1445262960000	4.123001013505009
1445263020000	3.5588759508694747
1445263080000	3.3293623420938436
1445263140000	3.5491625458570453
1445263200000	3.3291266119561698
1445263260000	3.154139267946112
1445263320000	3.5568931629541085
1445263380000	3.566290565663612
1445263440000	3.2345272195674504
1445263500000	3.1709396068787985
1445263560000	3.3968986759920163
1445263620000	3.3302445315303393
1445263680000	3.3961531369114257
1445263740000	3.409680980335616
1445263800000	3.802773289741145
1445263860000	3.4893350951039097
1445263920000	3.6415640200808506
1445263980000	3.553360727187197
1445264040000	3.6412449915318295
1445264100000	3.877197131383005
1445264160000	3.72055799266397
1445264220000	3.6398055544659216
1445264280000	3.3912277134519972
1445264340000	3.3918995261213514
1445264400000	3.489527837738066
1445264460000	2.9936318371289516
1445264520000	3.7275778262733006
1445264580000	3.556901645222625
1445264640000	3.484777541305702
1445264700000	3.1485570980233617
1445264760000	3.394230132035552
1445264820000	3.4033048860575503
1445264880000	3.310278855872356
1445264940000	3.2448715398886123
1445265000000	3.4822581716134384
1445265060000	3.553641470931354
1445265120000	3.6442245744679567
1445265180000	3.3128340281060034
1445265240000	3.717180428139993
1445265300000	3.724265449555587
1445265360000	3.5569748963263077
1445265420000	3.6473287608384886
1445265480000	3.4069553270311657
1445265540000	3.3274819167698135
1445265600000	3.645589354990036
1445265660000	3.393174867084998
1445265720000	3.4033438763782033
1445265780000	3.393091737930682
1445265840000	3.2481539938717234
1445265900000	3.3251401615851863
1445265960000	3.314437067419227
1445266020000	3.326067262226727
1445266080000	3.5534707809101334
1445266140000	3.8792602864849886
1445266200000	3.1700081722810682
1445266260000	3.720788699624995
1445266320000	4.0424105940643384
1445266380000	3.3147730298100773
1445266440000	3.4881885575206657
1445266500000	3.318116733248523
1445266560000	3.3310426466846934
1445266620000	3.2358942868122362
1445266680000	3.647273380682474
1445266740000	3.4059569831197405
1445266800000	3.634465050560053
1445266860000	3.2445141003813096
1445266920000	3.4728850261433535
1445266980000	3.4748538263342805
1445267040000	3.4060675965402827
1445267100000	3.2311446152086423
1445267160000	3.404660643914362
1445267220000	3.550722126094939
1445267280000	3.3103222205076275
1445267340000	0
1445267400000	2.4218430382941216
1445267460000	4.279199608009168
1445267520000	4.037433180480863
1445267580000	4.280507037365576
1445267640000	3.473361217692591
1445267700000	3.6437251854146195
1445267760000	3.394005491339266
1445267820000	3.640793388240059
1445267880000	3.403093586181604
1445267940000	2.9871600357062507
1445268000000	3.639446808832162
1445268060000	3.228555605766321
1445268120000	3.7957524964240172
1445268180000	3.561636191922328
1445268240000	3.796327206895875
1445268300000	3.634369652302682
1445268360000	3.6427827090408877
1445268420000	3.554979936077017
1445268480000	3.1675328516215364
1445268540000	3.2450669195127833
1445268600000	3.716172029358728
1445268660000	3.402757499717096
1445268720000	3.3104615429334565
1445268780000	3.553261369023152
1445268840000	2.848781288397343
1445268900000	3.5518940192320527
1445268960000	0
1445269020000	0
1445269080000	0
1445269140000	0
1445269200000	2.32240564065882
1445269260000	3.3272405880731375
1445269320000	4.037914319536433
1445269380000	3.7222705446416358
1445269440000	3.7180069702742373
1445269500000	3.631956715469807
1445269560000	3.4823701351462337
1445269620000	3.8788926480701105
1445269680000	3.473410457316087
1445269740000	3.8784618289504142
1445269800000	3.637048724086937
1445269860000	3.7191593164802397
1445269920000	3.3244307189429705
1445269980000	3.6366173179716963
1445270040000	3.7202760088601936
1445270100000	3.5545851897036673
1445270160000	3.3665396260031915
1445270220000	3.482961284134579
1445270280000	3.3131596925193865
1445270340000	3.407609783033721
1445270400000	3.472472619351508
1445270460000	3.4713784143352915
1445270520000	3.6397357868317526
1445270580000	3.2329496408081817
1445270640000	3.5528469942016123
1445270700000	3.1650859996396945
1445270760000	3.7200696138244256
1445270820000	3.488261494668916
1445270880000	3.3931595841731403
1445270940000	3.7950039015869903
1445271000000	3.5615899618249003
1445271060000	3.5533904998489807
1445271120000	3.484229506197573
1445271180000	3.640537231705019
1445271240000	3.5553724000076765
1445271300000	3.323810418638077
1445271360000	3.5617728455226865
1445271420000	3.23196301535443
1445271480000	3.3255878149670655
1445271540000	3.473178159541085
1445271600000	3.471966044172088
1445271660000	3.4823936311769206
1445271720000	3.2292468365036564
1445271780000	3.472585001360264
1445271840000	3.721252532431112
1445271900000	3.5532569930873605
1445271960000	3.641446692941024
1445272020000	3.798803645933456
1445272080000	3.471783903897469
1445272140000	3.405061683583257
1445272200000	3.391679849971464
1445272260000	3.310147833422462
1445272320000	3.0872304687007572
1445272380000	3.635169611662303
1445272440000	3.0867904561979485
1445272500000	3.4051994068934537
1445272560000	3.309619572751119
1445272620000	3.5638261665383095
1445272680000	3.6327257000872923
1445272740000	3.3925440645533285
1445272800000	3.484253096303291
1445272860000	3.722229421392306
1445272920000	3.859232717803135
1445272980000	3.777341017141493
1445273040000	3.5314339607331227
1445273100000	3.7198666562352107
1445273160000	3.794626344859477
1445273220000	3.390974859857367
1445273280000	3.1668182681949495
1445273340000	3.7148889741832782
1445273400000	3.309600070147377
1445273460000	3.561501028640641
1445273520000	3.5527020539745067
1445273580000	3.310218254194526
1445273640000	3.484039900254313
1445273700000	2.9875888896010205
1445273760000	3.4828964946685064
1445273820000	3.3241447771897974
1445273880000	3.2448549115558407
1445273940000	3.1641748954166036
1445274000000	3.8794661735785985
1445274060000	3.3967295155980652
1445274120000	3.7229885054512173
1445274180000	3.3110027731263347
1445274240000	3.95712886162603
1445274300000	3.4031391029942637
1445274360000	3.0673892090296997
1445274420000	3.40299575608838
1445274480000	3.0067511057327194
1445274540000	0
1445274600000	2.1356781708596717
1445274660000	3.7172925463558735
1445274720000	3.9547326770198876
1445274780000	4.353083769062178
1445274840000	3.2437223391083063
1445274900000	3.7926545279261727
1445274960000	3.322961079541442
1445275020000	3.324941945128246
1445275080000	3.551755249191552
1445275140000	3.400613482534854
1445275200000	3.5609804851147455
1445275260000	3.55280052024304
1445275320000	3.881801904717013
1445275380000	3.313853599322891
1445275440000	3.9601166149278777
1445275500000	3.479510054933951
1445275560000	3.3084757864156162
1445275620000	3.3893666248221113
1445275680000	3.3225580928516547
1445275740000	3.2306847856392187
1445275800000	2.9880120150385836
1445275860000	3.6368786931366603
1445275920000	3.4704103732018785
1445275980000	3.3935249040086943
1445276040000	3.246127567746287
1445276100000	3.325648248520626
1445276160000	0.15837253531999537
1445276220000	0
1445276280000	0
1445276340000	0
1445276400000	2.3414479914039794
1445276460000	3.228628376963672
1445276520000	3.878627763660804
1445276580000	3.0687714508638613
1445276640000	3.550447143514984
1445276700000	3.7964056461805695
1445276760000	3.6333715732234486
1445276820000	3.5530193457462103
1445276880000	3.2448488766046295
1445276940000	3.472834399022373
1445277000000	3.3912234692526955
1445277060000	3.562350444364626
1445277120000	3.391452671218144
1445277180000	3.406007162951878
1445277240000	3.245147505211727
1445277300000	3.4712054426886825
1445277360000	3.2451245170107055
1445277420000	3.7987990339330753
1445277480000	3.4732840643950094
1445277540000	3.6406931832333576
1445277600000	3.06789594835294
1445277660000	3.8790188639260172
1445277720000	3.4038741391414296
1445277780000	3.4713141697147294
1445277840000	3.56342479410779
1445277900000	3.393340383671262
1445277960000	3.5580547475862385
1445278020000	3.6456735771267907
1445278080000	3.153020702976476
1445278140000	3.566158086955891
1445278200000	3.4769282462881317
1445278260000	3.488078984694726
1445278320000	3.559125898092842
1445278380000	3.329632420472324
1445278440000	3.726512884448031
1445278500000	3.406583797554647
1445278560000	3.5639165565960935
1445278620000	3.16563732341803
1445278680000	3.6413772947578753
1445278740000	3.0878190585536593
1445278800000	3.633435014339351
1445278860000	3.5614485305493044
1445278920000	3.6327255534573424
1445278980000	3.391678138143131
1445279040000	3.4072883284031654
1445279100000	3.3148219392864493
1445279160000	3.0915639187380046
1445279220000	3.3960572301138665
1445279280000	3.647288273875035
1445279340000	3.2505520785219217
1445279400000	3.3924768594710883
1445279460000	3.3246029523661575
1445279520000	3.3104059461996056
1445279580000	3.3118592915383696
1445279640000	3.3260363132289155
1445279700000	3.314214693089877
1445279760000	3.5675795494923968
1445279820000	3.4788013676624416
1445279880000	4.041443897755511
1445279940000	3.3160304616219722
1445280000000	3.475258443049465
1445280060000	3.6416585791499054
1445280120000	3.472329050175074
1445280180000	3.5612657506128294
1445280240000	3.6406317374564754
1445280300000	3.714350161721595
1445280360000	3.719827867735505
1445280420000	3.555571789075239
1445280480000	3.31104722629435
1445280540000	3.2466577984076923
1445280600000	3.395390837780352
1445280660000	3.0895922332404475
1445280720000	3.8039116812540734
1445280780000	3.71909099352383
1445280840000	3.409154650552729
1445280900000	3.6418514602795136
1445280960000	3.401331554067794
1445281020000	3.3092743705659253
1445281080000	3.3955140893219085
1445281140000	3.4872822482017263
1445281200000	3.8824730908722147
1445281260000	3.5679071037506156
1445281320000	3.395035819042489
1445281380000	3.467565604978988
1445281440000	3.3597820415315764
1445281500000	3.4692308710202906
1445281560000	3.0398983146219147
1445281620000	3.087078407992082
1445281680000	3.407231226259943
1445281740000	0.4036127946305291
1445281800000	2.0575072077543965
1445281860000	3.4728352404583043
1445281920000	3.794958167954069
1445281980000	3.5588452290634915
1445282040000	3.2315974612327976
1445282100000	3.1275031302096234
1445282160000	3.554807537872435
1445282220000	3.484369740965024
1445282280000	3.876077521792691
1445282340000	3.246505992466087
1445282400000	3.4036892389772366
1445282460000	3.3110683503233873
1445282520000	3.482897873142688
1445282580000	3.2320975731472164
1445282640000	3.8747015950027492
1445282700000	3.9616821349885347
1445282760000	3.2368061107015205
1445282820000	3.092497369444425
1445282880000	3.3162935833015235
1445282940000	3.485550630058826
1445283000000	3.312900815547298
1445283060000	3.3936515848615505
1445283120000	3.4048393139533837
1445283180000	3.310349215399801
1445283240000	3.564442123420551
1445283300000	3.4856971842954056
1445283360000	0
1445283420000	0
1445283480000	0
1445283540000	0
1445283600000	1.8959940233528398
1445283660000	3.516286239125685
1445283720000	3.7856039004338853
1445283780000	3.6289514280934205
1445283840000	3.553361516335651
1445283900000	3.3711829555237225
1445283960000	3.8471995723356778
1445284020000	3.5219538391117857
1445284080000	3.374069058196104
1445284140000	3.6446456975541874
1445284200000	3.3117245326919416
1445284260000	3.3791314936121237
1445284320000	3.292552328945733
1445284380000	3.5979198985898293
1445284440000	3.4721758900948125
1445284500000	3.471210416521234
1445284560000	3.447922152813634
1445284620000	3.3120903131092656
1445284680000	3.6434829732912104
1445284740000	3.564025863422886
1445284800000	3.2347029935134297
1445284860000	3.486404172655292
1445284920000	3.5675883174325924
1445284980000	3.0897526807466695
1445285040000	3.312092988707096
1445285100000	3.554765033262906
1445285160000	3.4824714941900106
1445285220000	3.5620731820019524
1445285280000	3.6415714433667263
1445285340000	3.3245520962557564
1445285400000	3.6341364613395717
1445285460000	3.4864631530962624
1445285520000	3.392410684591303
1445285580000	3.229703909829089
1445285640000	3.5606575118073875
1445285700000	3.3131269625605544
1445285760000	3.562497517384543
1445285820000	3.1658425846508713
1445285880000	3.4701996904218717
1445285940000	3.561835643447588
1445286000000	3.562205850851866
1445286060000	3.4815897785588232
1445286120000	3.4840023815531733
1445286180000	3.2324680730138575
1445286240000	3.4885261680591535
1445286300000	3.244331559290634
1445286360000	3.1484367436372667
1445286420000	3.2448246728237344
1445286480000	3.641539516245224
1445286540000	3.4748638651371393
1445286600000	3.4063259473294476
1445286660000	3.1496587617298286
1445286720000	3.1521217598360445
1445286780000	3.563365467235211
1445286840000	3.6364309287016297
1445286900000	3.642678211844901
1445286960000	3.7133948570207767
1445287020000	3.149347827601066
1445287080000	3.9601476873717645
1445287140000	3.3937056053310264
1445287200000	3.48205355532902
1445287260000	3.6433088198051533
1445287320000	3.5550799648580345
1445287380000	3.167056217880483
1445287440000	3.0689281463575067
1445287500000	3.553759937579822
1445287560000	3.324960239017142
1445287620000	3.3905522664731897
1445287680000	3.070116119870906
1445287740000	3.562340785631512
1445287800000	3.633205243336848
1445287860000	3.6410926673716797
1445287920000	3.563762875058572
1445287980000	3.3927747468990037
1445288040000	3.4827223332339967
1445288100000	3.5512694244600906
1445288160000	3.4713224366100195
1445288220000	3.402738650679598
1445288280000	3.2430698020744613
1445288340000	3.153721227297301
1445288400000	3.7269843599678505
1445288460000	3.720413663089772
1445288520000	3.565968394584387
1445288580000	3.5530530577413115
1445288640000	3.4858894561865883
1445288700000	3.2284778217395567
1445288760000	2.906481065244687
1445288820000	3.0876418224647515
1445288880000	2.8264904907068122
1445288940000	0
1445289000000	2.53223665856496
1445289060000	3.755873761092274
1445289120000	3.7700906066660935
1445289180000	3.771631337023272
1445289240000	3.538169497346412
1445289300000	3.3861343233025143
1445289360000	3.4336465178292697
1445289420000	3.250968158636193
1445289480000	3.725284742040181
1445289540000	3.4876579019775913
1445289600000	3.249619759812281
1445289660000	3.408013273498395
1445289720000	3.8035424371729074
1445289780000	3.316235577610589
1445289840000	3.4105507131243424
1445289900000	3.4691376838797847
1445289960000	3.3310069158048345
1445290020000	3.399387203800061
1445290080000	3.4892922739852565
1445290140000	3.0937439519536807
1445290200000	3.5686685886326126
1445290260000	3.2324058382502097
1445290320000	3.5636566887183103
1445290380000	3.3269603559403986
1445290440000	3.3946646863378325
1445290500000	3.3282775872261814
1445290560000	0
1445290620000	0
1445290680000	0
1445290740000	0
1445290800000	1.5048201865608746
1445290860000	3.31366344061999
1445290920000	3.486498860023826
1445290980000	3.8010412279342876
1445291040000	3.6315713561100513
1445291100000	4.1021880282060135
1445291160000	3.3601538278422383
1445291220000	3.43174973047297
1445291280000	3.565743333278262
1445291340000	3.3278914384763203
1445291400000	3.232971394103335
1445291460000	3.4073673026062097
1445291520000	3.16887587158693
1445291580000	3.1549751075497645
1445291640000	3.2501723235420505
1445291700000	3.9620606815063764
1445291760000	3.3298655162457003
1445291820000	3.5579181569660503
1445291880000	3.326762120052825
1445291940000	3.8836742855901893
1445292000000	3.232705213995892
1445292060000	3.1693224796715698
1445292120000	3.4821955440757417
1445292180000	3.4863297247839813
1445292240000	3.3294234407700625
1445292300000	3.3142331784933026
1445292360000	3.487064052353987
1445292420000	3.088285042057691
1445292480000	3.5626143524986023
1445292540000	2.581612953856129
1445292600000	3.391280013812199
1445292660000	3.802661062600555
1445292720000	3.4031580911369694
1445292780000	3.7186129614073655
1445292840000	3.6413651881807065
1445292900000	3.390982525681697
1445292960000	3.4053345793690144
1445293020000	3.2456435003782262
1445293080000	3.2307381473404786
1445293140000	3.641250540003392
1445293200000	3.471178822418729
1445293260000	3.390612689162131
1445293320000	3.402486699491564
1445293380000	3.4720082356035347
1445293440000	3.5529299761913316
1445293500000	3.323300723642798
1445293560000	3.0676382549747863
1445293620000	3.1501219702995193
1445293680000	3.3247262503523616
1445293740000	3.4734615221039578
1445293800000	3.403913142506664
1445293860000	3.2464716742080157
1445293920000	3.5627175855542097
1445293980000	3.4069788793059903
1445294040000	3.312452427679216
1445294100000	3.487490520118986
1445294160000	3.8034319039593827
1445294220000	3.715023082912309
1445294280000	3.6438502363294325
1445294340000	3.392637169571276
1445294400000	3.4858447864625948
1445294460000	3.4832112286380443
1445294520000	3.634778946172983
1445294580000	3.4052465980596587
1445294640000	3.3144004941690297
1445294700000	3.554027108503317
1445294760000	3.166120672454744
1445294820000	3.4723907386009283
1445294880000	3.5524222473672715
1445294940000	3.3245251885421347
1445295000000	3.636023245823815
1445295060000	3.485248172244767
1445295120000	3.149928224039372
1445295180000	3.634204771892576
1445295240000	3.8773083535500676
1445295300000	3.311951990590179
1445295360000	3.389573076007706
1445295420000	0.4746324856390548
1445295480000	0
1445295540000	0
1445295600000	0
1445295660000	0
1445295720000	0
1445295780000	2.3759474288368105
1445295840000	3.3113815657326606
1445295900000	3.0873130728412925
1445295960000	3.324235218135128
1445296020000	3.2457131303761204
1445296080000	2.6116993128421253
1445296140000	0
1445296200000	1.9301184141720875
1445296260000	3.3075159528653972
1445296320000	3.8003112217371156
1445296380000	3.959367116175366
1445296440000	4.154190392430788
1445296500000	3.3531914922154824
1445296560000	3.39038893754837
1445296620000	3.3238916344849327
1445296680000	3.3648281245793963
1445296740000	3.633467579194555
1445296800000	3.325156812317046
1445296860000	3.3122668449420245
1445296920000	3.719145116512211
1445296980000	3.404450253826508
1445297040000	3.554969955050233
1445297100000	3.6446127780163615
1445297160000	3.470887847461098
1445297220000	3.554143375920856
1445297280000	3.2447992496124742
1445297340000	3.228534107293672
1445297400000	3.310343134828742
1445297460000	3.401540415264009
1445297520000	3.1501406083434422
1445297580000	3.2317797710138603
1445297640000	3.3274964819647312
1445297700000	3.6378816251508583
1445297760000	1.3452954898019085
1445297820000	0
1445297880000	0
1445297940000	0
1445298000000	1.6148612450660944
1445298060000	3.87544505298127
1445298120000	3.7192621039379055
1445298180000	3.636312213766674
1445298240000	3.563140804892525
1445298300000	3.403252428987329
1445298360000	3.632819912277087
1445298420000	3.4801821226761827
1445298480000	3.4798954576133707
1445298540000	3.3908966978055264
1445298600000	3.479802917407451
1445298660000	3.3219966900653217
1445298720000	3.231678463504938
1445298780000	3.2512495900253566
1445298840000	0.16174420420982155
1445298900000	0
1445298960000	0
1445299020000	0
1445299080000	0
1445299140000	0
1445299200000	0
1445299260000	0
1445299320000	0
1445299380000	0
1445299440000	0
1445299500000	0
1445299560000	3.2453758637993326
1445299620000	3.325559837213846
1445299680000	3.4736751968281308
1445299740000	3.166933164092425
1445299800000	3.324030401107187
1445299860000	4.023891453113717
1445299920000	3.325184849104002
1445299980000	3.4837560472116245
1445300040000	3.482327553705059
1445300100000	3.1495589890594013
1445300160000	3.4070397523097946
1445300220000	3.2338198049311386
1445300280000	3.566970565953385
1445300340000	3.0911915170095683
1445300400000	3.7202637448631806
1445300460000	3.487433854426625
1445300520000	3.398023062544336
1445300580000	3.4871018442964647
1445300640000	3.3957200546557313
1445300700000	3.327659871327712
1445300760000	3.2324067524896245
1445300820000	3.249668053343618
1445300880000	3.012422895103689
1445300940000	3.4762853271938363
1445301000000	3.3282990828574706
1445301060000	3.393901546794872
1445301120000	3.0867237597118518
1445301180000	3.4816742176465376
1445301240000	3.2284419928373382
1445301300000	3.3237453173028304
1445301360000	3.6397710663124747
1445301420000	3.5517675774959363
1445301480000	3.6411139948689977
1445301540000	3.471840457142885
1445301600000	3.7144432897370736
1445301660000	3.641777145287294
1445301720000	3.148687884234534
1445301780000	3.4718228672743514
1445301840000	3.403275458721464
1445301900000	3.2296122501291897
1445301960000	3.551348391494432
1445302020000	3.3239840346672542
1445302080000	3.3241122196541695
1445302140000	3.326094590012118
1445302200000	3.1680812644525145
1445302260000	3.392201558801421
1445302320000	3.3252916696455737
1445302380000	3.063794778318121
1445302440000	3.4712043918808124
1445302500000	3.325229669456732
1445302560000	3.3101138267410533
1445302620000	3.4725045875419616
1445302680000	3.4817922050585697
1445302740000	3.3923423202943
1445302800000	3.31421924744549
1445302860000	3.5649927692043883
1445302920000	3.397466581972678
1445302980000	3.2493302219015163
1445303040000	3.244601527123147
1445303100000	3.5614411316138876
1445303160000	3.165709227589306
1445303220000	3.069455662934673
1445303280000	2.9311956677878688
1445303340000	0
1445303400000	1.6970852701908246
1445303460000	3.4059012070038635
1445303520000	3.8769368959664168
1445303580000	3.9637427728334824
1445303640000	4.038784528603873
1445303700000	3.149644962328631
1445303760000	3.4052971614749543
1445303820000	3.4722518726288376
1445303880000	3.4845503452090574
1445303940000	3.324939641955062
1445304000000	3.3932634832738366
1445304060000	3.405712984528262
1445304120000	3.3116372629624955
1445304180000	3.3927274705629396
1445304240000	3.642433110477134
1445304300000	3.4038132444827256
1445304360000	3.483333456701393
1445304420000	3.1643524932833156
1445304480000	3.1476699070852234
1445304540000	3.48133875831407
1445304600000	3.323777867651676
1445304660000	3.3096393427484094
1445304720000	3.5617951170361355
1445304780000	3.42088467196659
1445304840000	3.314381538021777
1445304900000	3.3254851882889715
1445304960000	0.24223587100237384
1445305020000	0
1445305080000	0
1445305140000	0
1445305200000	2.0975958506004297
1445305260000	3.5648422424616357
1445305320000	3.3884689674935697
1445305380000	3.7110679475363906
1445305440000	3.4813265697751503
1445305500000	3.634002122297617
1445305560000	3.069985221050751
1445305620000	3.5617355625048974
1445305680000	3.391611925949241
1445305740000	3.4618353424506867
1445305800000	3.3532125746477512
1445305860000	2.6738013589892495
1445305920000	3.164974242846179
1445305980000	3.635820834020941
1445306040000	3.326328376166873
1445306100000	3.4857860340556543
1445306160000	3.244197554856216
1445306220000	3.401923091300614
1445306280000	3.407848314293962
1445306340000	3.2339786373881645
1445306400000	2.8524835742506625
1445306460000	3.471690913904669
1445306520000	3.2499405845466
1445306580000	3.633369666357151
1445306640000	3.3955198540896614
1445306700000	3.4059128072064047
1445306760000	3.39415833429417
1445306820000	3.2488058112895093
1445306880000	3.55375505811914
1445306940000	3.3119669727422294
1445307000000	3.3258488536313715
1445307060000	3.484598362321925
1445307120000	3.403480585250649
1445307180000	3.403251216904693
1445307240000	3.717086562097749
1445307300000	3.4031299456678434
1445307360000	3.0694644646786324
1445307420000	3.1591681310069113
1445307480000	3.32206369365036
1445307540000	3.3217045991491454
1445307600000	3.3902142675956664
1445307660000	3.7962983046581984
1445307720000	3.7212580567958593
1445307780000	3.389737899412514
1445307840000	3.5626921293064857
1445307900000	3.5511265474815783
1445307960000	3.1481940929465555
1445308020000	3.2430880795433006
1445308080000	3.550826356985112
1445308140000	3.4713809365281203
1445308200000	3.3241002491650575
1445308260000	3.229503842847176
1445308320000	3.2319338332650185
1445308380000	3.2452420299527134
1445308440000	3.1671200992923825
1445308500000	3.3128781958517837
1445308560000	3.168360686814259
1445308620000	3.311610046447552
1445308680000	3.798924132813949
1445308740000	3.5615579679174862
1445308800000	3.3120133246335093
1445308860000	3.5629327441614964
1445308920000	3.007465122011475
1445308980000	3.3916427379205585
1445309040000	2.927525313005863
1445309100000	3.1476965187142363
1445309160000	3.312817699722406
1445309220000	2.6910582071932776
1445309280000	3.149238284046274
1445309340000	3.165830682906481
1445309400000	3.16845379672551
1445309460000	2.9078518117522165
1445309520000	3.324285340982039
1445309580000	3.3125636936313256
1445309640000	3.3129664010260176
1445309700000	3.2454443904878323
1445309760000	3.1661130915808107
1445309820000	3.2758233906933336
1445309880000	3.036757471841866
1445309940000	3.0435464620794734
1445310000000	3.125893998169308
1445310060000	3.3573867444535868
1445310120000	3.280977337529303
1445310180000	3.2807140145981375
1445310240000	3.109902829690617
1445310300000	3.48615397688462
1445310360000	3.0686430827717617
1445310420000	3.087056598986183
1445310480000	2.584308418473509
1445310540000	0.07913001141984542
1445310600000	1.663167118853427
1445310660000	1.6150713614233947
1445310720000	2.0574536411677005
1445310780000	3.715469731794577
1445310840000	0.24235115519101635
1445310900000	2.5336644832812985
1445310960000	3.636254695642149
1445311020000	3.1670883149900524
1445311080000	2.7711794016809894
1445311140000	2.6134903740100737
1445311200000	2.93420400418132
1445311260000	3.3976415877640247
1445311320000	3.0127945256889195
1445311380000	3.0739486893249044
1445311440000	3.2515970397301937
1445311500000	3.1548783155344267
1445311560000	2.8743416147079865
1445311620000	3.494203787878177
1445311680000	2.991960904289455
1445311740000	3.1710313601128255
1445311800000	2.750823639073492
1445311860000	2.9336087859838833
1445311920000	3.0728239670727504
1445311980000	3.0133952755235525
1445312040000	2.8723970542181534
1445312100000	3.2461155526483028
1445312160000	2.501444685170391
1445312220000	2.342722250525628
1445312280000	0
1445312340000	0
1445312400000	1.1308590742605873
1445312460000	2.850855250635909
1445312520000	2.98969520744182
1445312580000	3.5621218213999613
1445312640000	3.0692862701899974
1445312700000	3.1490921318782457
1445312760000	3.0867470298617645
1445312820000	3.5542193126988013
1445312880000	3.0102577503492247
1445312940000	3.6422704488742017
1445313000000	3.079782247376448
1445313060000	2.2956408629773133
1445313120000	3.2347646627838706
1445313180000	3.584369211057038
1445313240000	3.151780537803668
1445313300000	3.1655610384171897
1445313360000	3.1488263082984758
1445313420000	3.086633003372265
1445313480000	3.164579619814525
1445313540000	3.2327963308408205
1445313600000	2.6710921717485556
