time	derivative
1445261400000	18.613389601214067
1445261460000	7.844409699256029
1445261520000	0.968621584488946
1445261580000	2.215443799383256
1445261640000	2.2596931352862946
1445261700000	2.423538031481638
1445261760000	0
1445261820000	0
1445261880000	0
1445261940000	0
1445262000000	1.6068110148019832
1445262060000	2.8273265065111413
1445262120000	3.092385737536377
1445262180000	4.20217979996008
1445262240000	3.877465368150994
1445262300000	4.070959376255587
1445262360000	3.2758198573128774
1445262420000	3.6890445482544196
1445262480000	3.4273000027478178
1445262540000	3.484439000272479
1445262600000	3.3339306625770453
1445262660000	3.5121074516503534
1445262720000	3.409883702546091
1445262780000	3.251644618401263
1445262840000	3.486324338141133
1445262900000	3.5543050864024304
1445262960000	3.4044954026149337
1445263020000	3.63430559151443
1445263080000	3.71594462967845
1445263140000	3.2455117639708693
1445263200000	3.3947405527098335
1445263260000	3.3264402100092583
1445263320000	3.633518994715107
1445263380000	3.3926870469147223
1445263440000	3.564159171784453
1445263500000	3.230168938037345
1445263560000	3.2295564484785735
1445263620000	3.166517622640316
1445263680000	3.3932067354830537
1445263740000	3.5627279514989216
1445263800000	3.719900587635466
1445263860000	3.5797219490750747
1445263920000	3.64500525227428
1445263980000	3.5564346056040312
1445264040000	3.482385156032521
1445264100000	3.472674183027656
1445264160000	3.720355519548143
1445264220000	3.08589298265562
1445264280000	3.6341146700063374
1445264340000	3.6410920909563007
1445264400000	3.6403295811955134
1445264460000	3.7988413771227365
1445264520000	3.5654652600378
1445264580000	3.311086600097136
1445264640000	3.475362578819253
1445264700000	3.7220771701031437
1445264760000	3.716334228114856
1445264820000	3.407099345173334
1445264880000	3.4727579001759374
1445264940000	3.3144223308476986
1445265000000	3.3255888682563812
1445265060000	3.392582772052727
1445265120000	3.485961192497411
1445265180000	3.715488038137708
1445265240000	3.393563016950241
1445265300000	3.1690113785730305
1445265360000	3.554291376687314
1445265420000	3.5660310579512737
1445265480000	3.3930332141597743
1445265540000	3.556262784865742
1445265600000	3.565158207955797
1445265660000	3.7156489016309617
1445265720000	3.7979358339952953
1445265780000	3.6072374168636987
1445265840000	3.75406534825356
1445265900000	3.748552146657237
1445265960000	3.6133123460107903
1445266020000	3.247858606614395
1445266080000	3.343157240684576
1445266140000	3.566569898360089
1445266200000	3.7159311216622912
1445266260000	3.631684266212141
1445266320000	3.1659116165330707
1445266380000	3.3117358346254826
1445266440000	3.3105663264696408
1445266500000	3.327179964847155
1445266560000	3.3123031704234913
1445266620000	3.3276784587904755
1445266680000	3.396844210412662
1445266740000	3.644318838682345
1445266800000	3.645722479758612
1445266860000	3.31338982447479
1445266920000	3.4875185081220144
1445266980000	3.2337517013070864
1445267040000	3.330397099303422
1445267100000	3.39478239727732
1445267160000	3.485775402221841
1445267220000	3.4850209837865735
1445267280000	3.315552403175054
1445267340000	0
1445267400000	2.7479090836499087
1445267460000	3.4072556598032717
1445267520000	2.911746775088793
1445267580000	3.396111533154337
1445267640000	3.6455527347430845
1445267700000	3.7122578127542405
1445267760000	3.4047134139888824
1445267820000	3.552004483921297
1445267880000	3.313218393881423
1445267940000	3.2463621048509244
1445268000000	3.2285038796224885
1445268060000	3.3920084845438896
1445268120000	3.957211463883322
1445268180000	3.635649433230531
1445268240000	3.719472037563185
1445268300000	3.6405622983012247
1445268360000	3.5528041061533457
1445268420000	3.2464279098416293
1445268480000	3.310712954363558
1445268540000	3.4742019197672254
1445268600000	3.4036950315373127
1445268660000	3.3938785783777976
1445268720000	3.5627773844867408
1445268780000	3.4033740456676997
1445268840000	3.071138395032773
1445268900000	2.77065450201572
1445268960000	0
1445269020000	0
1445269080000	0
1445269140000	0
1445269200000	2.3424964930202288
1445269260000	3.7252417805760065
1445269320000	3.3960279168049166
1445269380000	3.488081957242061
1445269440000	3.5523125453752424
1445269500000	3.6339241353733645
1445269560000	3.87628205062282
1445269620000	3.7942499353161114
1445269680000	3.632827244169948
1445269740000	3.6419249853709417
1445269800000	3.5530795974215463
1445269860000	3.2657838114948023
1445269920000	3.5557743586770982
1445269980000	3.7168887830922284
1445270040000	3.560873478307703
1445270100000	3.9564133248044366
1445270160000	3.4744793432102816
1445270220000	3.4867224420750405
1445270280000	3.39147170431567
1445270340000	3.463052947828588
1445270400000	3.4200574398647023
1445270460000	3.5538657103590965
1445270520000	3.7993082686502753
1445270580000	3.553167396378232
1445270640000	3.5559186184383353
1445270700000	3.563760546652358
1445270760000	3.5519000404916605
1445270820000	3.1684902359384073
1445270880000	3.2857336145451916
1445270940000	3.63343978168033
1445271000000	3.3259141032398185
1445271060000	3.554637884494425
1445271120000	3.635374080194817
1445271180000	3.4037825285346806
1445271240000	3.5540324193183146
1445271300000	3.264882757812827
1445271360000	3.49164484640439
1445271420000	3.312442325127687
1445271480000	3.4035595177385707
1445271540000	3.795051628144773
1445271600000	3.6342030842754736
1445271660000	3.4023320335435914
1445271720000	3.5561931558435984
1445271780000	3.1667016570706537
1445271840000	3.355097853106435
1445271900000	3.473582526393522
1445271960000	3.4033748537810236
1445272020000	3.4737362315334064
1445272080000	3.3905394021243906
1445272140000	3.4027232350148764
1445272200000	3.4698052103805437
1445272260000	3.4702237751608123
1445272320000	3.4825159396832195
1445272380000	3.310321151412051
1445272440000	3.4741008708823546
1445272500000	3.558090040196336
1445272560000	3.3912263443542874
1445272620000	3.2658646923557932
1445272680000	3.2834972717069366
1445272740000	3.9595360166201528
1445272800000	3.721679282664531
1445272860000	3.474818445281781
1445272920000	3.713460732080125
1445272980000	3.640620500235107
1445273040000	3.717940316833579
1445273100000	3.561692078383266
1445273160000	3.3238529660401945
1445273220000	3.403873937053782
1445273280000	3.648190551019925
1445273340000	3.232956303948569
1445273400000	3.2454761822022995
1445273460000	3.9569275771063723
1445273520000	3.310511394477429
1445273580000	3.3232672622963855
1445273640000	3.3257238923053003
1445273700000	3.8763478269055645
1445273760000	3.327743780209179
1445273820000	3.3938388814585814
1445273880000	3.3912613251474744
1445273940000	3.715777437371278
1445274000000	3.555467494885884
1445274060000	3.446867124434669
1445274120000	3.6134531752477015
1445274180000	3.3791033553269383
1445274240000	3.3647022386725896
1445274300000	3.387491443629897
1445274360000	3.2791360788086767
1445274420000	3.3170536421081165
1445274480000	3.3918530274549505
1445274540000	0
1445274600000	2.0025458766238695
1445274660000	3.720871096299053
1445274720000	3.4726574961723538
1445274780000	3.1657862087589073
1445274840000	3.7172149720368464
1445274900000	3.1154148570300175
1445274960000	3.313476918814785
1445275020000	3.563559327402726
1445275080000	3.5622036654719498
1445275140000	3.4732583240119093
1445275200000	3.5632030162434347
1445275260000	3.638908004948672
1445275320000	3.4074993394503097
1445275380000	3.718127538847108
1445275440000	3.3279403531665768
1445275500000	3.8000795562488765
1445275560000	3.632887073521763
1445275620000	3.1650079255754715
1445275680000	3.1680529109188864
1445275740000	3.396916053145884
1445275800000	3.565526846307549
1445275860000	3.4725453899032512
1445275920000	3.1645644728587174
1445275980000	3.4824333202069337
1445276040000	3.3913390932536296
1445276100000	3.48426785752607
1445276160000	0.16144011361832317
1445276220000	0
1445276280000	0
1445276340000	0
1445276400000	2.018499548360726
1445276460000	3.642015021609718
1445276520000	3.393882075042127
1445276580000	4.277462178520993
1445276640000	3.561937774094822
1445276700000	3.3130485873120423
1445276760000	3.4839981055760303
1445276820000	3.635445080573278
1445276880000	3.646446710094526
1445276940000	3.5629404313968687
1445277000000	3.554254554782261
1445277060000	3.641901630020164
1445277120000	3.393340657832212
1445277180000	3.31123681741604
1445277240000	3.2471734790353275
1445277300000	3.4820275149814233
1445277360000	3.775021717418822
1445277420000	2.8125044510394104
1445277480000	3.536736345677781
1445277540000	3.481498869927226
1445277600000	3.554048638932648
1445277660000	3.167834944395191
1445277720000	3.244662702968243
1445277780000	3.554497607813012
1445277840000	3.5607740853825356
1445277900000	3.4039887267018
1445277960000	3.9570131891085474
1445278020000	3.086518435695475
1445278080000	3.1498305966588815
1445278140000	3.3107525875600694
1445278200000	3.485682687095355
1445278260000	3.4734033027541904
1445278320000	3.635686664161948
1445278380000	3.7203100213496323
1445278440000	3.4730295529574917
1445278500000	3.1655245256332902
1445278560000	3.3283340303353475
1445278620000	3.2362760656753684
1445278680000	3.4084151709668977
1445278740000	3.801737681272869
1445278800000	3.3254157427833677
1445278860000	3.4732597968845744
1445278920000	3.402895440636479
1445278980000	3.2461149743837985
1445279040000	3.3122499869782125
1445279100000	3.2448579932417125
1445279160000	3.484094938340527
1445279220000	3.874927120592717
1445279280000	3.1652856789023422
1445279340000	3.717471668320066
1445279400000	3.2290987000254088
1445279460000	3.4839527256912
1445279520000	3.312362042140678
1445279580000	3.264191331465128
1445279640000	3.4024122588597185
1445279700000	3.3936611137280686
1445279760000	3.481825887695961
1445279820000	3.3935924248229896
1445279880000	3.5521533102910263
1445279940000	3.561756564940657
1445280000000	3.955230344139749
1445280060000	3.150121843078134
1445280120000	3.878434046635399
1445280180000	3.7961637745821797
1445280240000	3.8835410063491143
1445280300000	3.471610121067559
1445280360000	3.7136283905275835
1445280420000	3.007068391220389
1445280480000	3.4740188431589965
1445280540000	3.483693434740218
1445280600000	3.244716562730877
1445280660000	3.4562619891599566
1445280720000	3.1491822118846504
1445280780000	3.506709850204513
1445280840000	3.715301306897618
1445280900000	3.4033514186504332
1445280960000	3.557406484929684
1445281020000	3.310086568451823
1445281080000	3.640683458382566
1445281140000	3.474175113170749
1445281200000	3.0876627841550333
1445281260000	3.32533879660106
1445281320000	3.552905303526719
1445281380000	3.5636446946457387
1445281440000	3.2300428872981914
1445281500000	3.3949487567849213
1445281560000	3.4040700407201983
1445281620000	3.3918493295303165
1445281680000	3.324061773176828
1445281740000	0.6331036525609458
1445281800000	1.857149362933172
1445281860000	3.4042840896448547
1445281920000	3.5607389364132143
1445281980000	3.552072085105064
1445282040000	3.3252066996977128
1445282100000	3.8901530481517894
1445282160000	2.907420405176896
1445282220000	3.2459471578803365
1445282280000	3.4732001114735693
1445282340000	3.2454476017438423
1445282400000	3.324729145398955
1445282460000	3.4036767783043627
1445282520000	3.6419583609754342
1445282580000	3.7118823972369395
1445282640000	3.552643249337947
1445282700000	3.63991226308004
1445282760000	3.4716878306744814
1445282820000	3.392296288973244
1445282880000	3.561109409032707
1445282940000	3.0724063286476646
1445283000000	3.4833093275265514
1445283060000	3.5617729864807566
1445283120000	3.3915199041944075
1445283180000	3.402478218748846
1445283240000	3.640135276922895
1445283300000	3.636528198447768
1445283360000	0
1445283420000	0
1445283480000	0
1445283540000	0
1445283600000	2.1001996785038566
1445283660000	3.3925202239136043
1445283720000	3.484959429924
1445283780000	3.7147130274158133
1445283840000	3.165444300673921
1445283900000	4.27551861595445
1445283960000	3.7150566116075088
1445284020000	3.5618929458431787
1445284080000	3.7154366457877974
1445284140000	3.228657759997201
1445284200000	3.3263505710957837
1445284260000	3.6336637874658746
1445284320000	3.227714382217182
1445284380000	3.481814797839502
1445284440000	3.6334606847846085
1445284500000	3.147817642242615
1445284560000	3.403645458637565
1445284620000	3.9572356084577835
1445284680000	3.5533325332951295
1445284740000	3.484401679925079
1445284800000	3.6364740529394255
1445284860000	3.246383825343917
1445284920000	3.5532827467004844
1445284980000	3.3948304855050138
1445285040000	3.642509903915142
1445285100000	3.635790577008448
1445285160000	3.393397273017474
1445285220000	3.3249341801571255
1445285280000	3.2449188577371184
1445285340000	3.1656330643884028
1445285400000	3.488509365498024
1445285460000	3.3103723351376546
1445285520000	3.483741497196499
1445285580000	3.2303754138388516
1445285640000	3.393072206939596
1445285700000	3.4818854021697327
1445285760000	3.471905001573863
1445285820000	3.165828365208773
1445285880000	3.5630066558349944
1445285940000	3.368423686586943
1445286000000	3.4747414378229564
1445286060000	3.324238901652471
1445286120000	3.4725113878689227
1445286180000	3.245096777492262
1445286240000	3.4035890173385352
1445286300000	2.9872759805410456
1445286360000	3.230238456000932
1445286420000	3.327973776834438
1445286480000	3.6332960335125537
1445286540000	3.402259955131312
1445286600000	3.3240847271207405
1445286660000	3.325945840099967
1445286720000	3.4066989724722485
1445286780000	3.472527582569236
1445286840000	3.1532686236795033
1445286900000	3.485622490487964
1445286960000	3.4755592811395664
1445287020000	3.8045784614253
1445287080000	3.3113712022686284
1445287140000	3.4869951031691895
1445287200000	3.8017082817759653
1445287260000	3.3941688260382206
1445287320000	3.566569121001207
1445287380000	3.7159714208677124
1445287440000	3.6431739957526528
1445287500000	3.4047860007868618
1445287560000	3.396538329005038
1445287620000	3.721962437163177
1445287680000	3.4718660363534246
1445287740000	3.0692378668433364
1445287800000	3.3609424082512738
1445287860000	3.531074863200944
1445287920000	3.3775151589556818
1445287980000	3.4029999304165655
1445288040000	3.391378663254186
1445288100000	3.6340388792898666
1445288160000	3.6385261145423446
1445288220000	3.470467581948686
1445288280000	3.4703203275143055
1445288340000	3.5590463385065125
1445288400000	3.5627333813035587
1445288460000	3.3107678930450777
1445288520000	3.6426096320576256
1445288580000	3.229488198380355
1445288640000	3.264745321174762
1445288700000	3.2868453773689223
1445288760000	3.312634150321157
1445288820000	3.248966650308252
1445288880000	3.1512501918525557
1445288940000	0
1445289000000	2.294887595812052
1445289060000	3.47416051708274
1445289120000	3.166556414429008
1445289180000	3.687448511905011
1445289240000	3.552842332407078
1445289300000	3.6605654604081157
1445289360000	3.5541614301462765
1445289420000	3.4735555189081984
1445289480000	3.402972730139534
1445289540000	3.473050240700555
1445289600000	3.2296927617498445
1445289660000	3.245187510595092
1445289720000	3.75873603202997
1445289780000	3.641907468829775
1445289840000	3.485234023860506
1445289900000	3.315011895940402
1445289960000	3.329300453928318
1445290020000	3.5605102033095832
1445290080000	3.568438305091721
1445290140000	3.4798194345973195
1445290200000	3.3302939775379996
1445290260000	3.3143268142478464
1445290320000	3.406911597596519
1445290380000	3.5630750691815565
1445290440000	3.4723359199140447
1445290500000	3.4830351057087303
1445290560000	0
1445290620000	0
1445290680000	0
1445290740000	0
1445290800000	1.4525626624940997
1445290860000	3.403393844554617
1445290920000	3.8003366208805613
1445290980000	3.8040710812079426
1445291040000	3.562198660257084
1445291100000	3.9569837907206185
1445291160000	3.3252660004971273
1445291220000	3.7975317659492296
1445291280000	3.633070459829049
1445291340000	3.4831010721717344
1445291400000	3.3911873939875457
1445291460000	3.0890296971592512
1445291520000	3.5608508661057563
1445291580000	3.4732879219784834
1445291640000	3.799252785915885
1445291700000	3.2293919882417836
1445291760000	3.3120456981524744
1445291820000	3.4042004746326304
1445291880000	3.8799995328163828
1445291940000	3.068815316554155
1445292000000	3.3253790793593008
1445292060000	3.311805386683772
1445292120000	3.563677572707932
1445292180000	3.327848655781894
1445292240000	3.390365264028832
1445292300000	3.720397779389554
1445292360000	3.4696120283864293
1445292420000	3.4705009137405183
1445292480000	3.1652843012858454
1445292540000	3.31044356734287
1445292600000	3.1482339285533736
1445292660000	3.3234425967180647
1445292720000	3.395062233612656
1445292780000	3.6348733382949354
1445292840000	3.0853374066643404
1445292900000	3.3097032629032515
1445292960000	3.310117968971358
1445293020000	3.244000226526162
1445293080000	3.2881535811985256
1445293140000	3.5538471960801874
1445293200000	3.3887237715301457
1445293260000	3.68436368666321
1445293320000	3.039741621962133
1445293380000	3.5205900508925296
1445293440000	3.300220207193325
1445293500000	3.40528172261957
1445293560000	3.31070740712845
1445293620000	3.2464095947081306
1445293680000	3.4049713571631837
1445293740000	3.392766113730609
1445293800000	3.3252776502923065
1445293860000	3.473288553220231
1445293920000	3.393263620348093
1445293980000	3.3266215443456377
1445294040000	3.390928728753536
1445294100000	3.403400242203374
1445294160000	3.562328941417144
1445294220000	3.633490389609687
1445294280000	3.4838150760078386
1445294340000	3.3108899409712738
1445294400000	3.4732823109508084
1445294460000	3.4831052080833764
1445294520000	3.633296840230737
1445294580000	3.6407987192144993
1445294640000	4.0363455505137065
1445294700000	3.6353744473044296
1445294760000	3.723719134205987
1445294820000	3.719995834396154
1445294880000	3.3913558658919816
1445294940000	3.2443835467498063
1445295000000	3.562356507537719
1445295060000	3.553613200833096
1445295120000	3.6404847226267205
1445295180000	3.6327768013456776
1445295240000	3.39248343599769
1445295300000	3.4024272005697407
1445295360000	3.3123578273913776
1445295420000	3.2291495328328823
1445295480000	3.243030105404411
1445295540000	3.6333569784131363
1445295600000	3.4723691474025546
1445295660000	3.4025946643873506
1445295720000	3.714061584510312
1445295780000	3.247563080150411
1445295840000	3.40329222618011
1445295900000	3.4724201114739723
1445295960000	3.166120547150748
1445296020000	3.4728631483143957
1445296080000	3.068843012063763
1445296140000	0
1445296200000	2.215601836884267
1445296260000	3.87519506409946
1445296320000	3.553241139377459
1445296380000	3.482339060237778
1445296440000	2.987122956964318
1445296500000	3.068414252396613
1445296560000	3.2465377407141944
1445296620000	3.6377251744304377
1445296680000	3.2459752331693856
1445296740000	3.4032260327163595
1445296800000	3.5531140278678
1445296860000	3.482192237073662
1445296920000	3.4037561240399974
1445296980000	3.7159805764887444
1445297040000	3.3239739723340898
1445297100000	3.713729952291689
1445297160000	3.553761731502559
1445297220000	3.086063607767013
1445297280000	3.30992109087572
1445297340000	3.3934565633419065
1445297400000	3.4025015745471676
1445297460000	3.311094020392342
1445297520000	3.3917175791066643
1445297580000	3.4822423939466756
1445297640000	3.4731705150035412
1445297700000	3.481838010849684
1445297760000	0.8705334363781123
1445297820000	0
1445297880000	0
1445297940000	0
1445298000000	2.207600547926456
1445298060000	3.311175512128816
1445298120000	3.3920138949811096
1445298180000	3.7949148101172994
1445298240000	3.705920243843107
1445298300000	3.9319627607819134
1445298360000	3.6287788431464882
1445298420000	3.7189929702922293
1445298480000	3.5254685658205585
1445298540000	3.219284677300278
1445298600000	3.536021976455162
1445298660000	3.436352243366622
1445298720000	3.2058443825431517
1445298780000	3.4373721977023006
1445298840000	3.37687016798522
1445298900000	3.9179308670520094
1445298960000	3.0874461530094375
1445299020000	3.5628600344291037
1445299080000	3.555915098082139
1445299140000	3.562108286825392
1445299200000	3.5533257180448556
1445299260000	3.150344941566857
1445299320000	3.6437476982752735
1445299380000	3.312127771872272
1445299440000	3.4062757581038023
1445299500000	3.476551137570989
1445299560000	3.4751072712073725
1445299620000	3.5661826036065203
1445299680000	3.234626220846491
1445299740000	3.485556842659033
1445299800000	3.4766393986966198
1445299860000	3.1654233213591962
1445299920000	3.1666557483015345
1445299980000	3.474403052610522
1445300040000	3.4041590392228196
1445300100000	3.2317020273779695
1445300160000	3.1496097330693638
1445300220000	3.08725845096926
1445300280000	3.4728850261433535
1445300340000	3.4833513125059934
1445300400000	3.4045130581384933
1445300460000	3.403257142650234
1445300520000	3.64544620073281
1445300580000	3.312718059918788
1445300640000	3.366652132301309
1445300700000	3.288164632229439
1445300760000	3.3659452175586115
1445300820000	3.408596261780589
1445300880000	3.555870986454576
1445300940000	3.088217241671271
1445301000000	3.3138788438620317
1445301060000	3.4728362922537923
1445301120000	3.484335319285681
1445301180000	3.3930352699957322
1445301240000	3.4058341027317187
1445301300000	3.4850314039942063
1445301360000	3.168430079530565
1445301420000	3.4854985141181207
1445301480000	3.3128941232975158
1445301540000	3.4065050620665223
1445301600000	3.796232074086134
1445301660000	3.716184863635707
1445301720000	3.5669914181158977
1445301780000	4.03784257990199
1445301840000	3.2476080970315597
1445301900000	3.483822040986058
1445301960000	3.3158873178996573
1445302020000	3.1690824945646767
1445302080000	3.553381603868857
1445302140000	3.1691745797654702
1445302200000	3.484216055841689
1445302260000	3.3120511829849106
1445302320000	3.6445589240897602
1445302380000	3.55279342016199
1445302440000	3.7166338188953825
1445302500000	3.0433122802195456
1445302560000	3.4473353781109597
1445302620000	3.1173288232779095
1445302680000	3.436913376834532
1445302740000	3.308636446966683
1445302800000	3.473006972041304
1445302860000	3.486988816355119
1445302920000	3.7153899062427413
1445302980000	3.3269295220873665
1445303040000	3.4062984914811048
1445303100000	3.2314832425276445
1445303160000	3.2457438353280574
1445303220000	3.3914945032352835
1445303280000	3.3125701838183574
1445303340000	0
1445303400000	1.4532248401417354
1445303460000	3.9608393398801782
1445303520000	3.24574730412484
1445303580000	2.9903348538579917
1445303640000	3.1707777319292125
1445303700000	3.6354382520812885
1445303760000	3.242195930605224
1445303820000	3.482853762510099
1445303880000	3.391427887432937
1445303940000	3.325866104035705
1445304000000	3.4715623338393202
1445304060000	3.3134301242843396
1445304120000	3.6444528812648342
1445304180000	3.8029607594465102
1445304240000	3.0078611837235845
1445304300000	3.3225082849117302
1445304360000	3.3879956859521596
1445304420000	3.401385566275721
1445304480000	3.4803183154500013
1445304540000	3.6327765813945696
1445304600000	3.3248190917445233
1445304660000	3.562446329519517
1445304720000	3.3911958822161776
1445304780000	3.402456209399499
1445304840000	3.3913209516070815
1445304900000	3.311748407281242
1445304960000	0.7914638252060057
1445305020000	0
1445305080000	0
1445305140000	0
1445305200000	1.5334557367295396
1445305260000	3.3892895625415718
1445305320000	3.4010502878306883
1445305380000	3.471997442349047
1445305440000	3.163431241003004
1445305500000	3.6400207781881724
1445305560000	3.7126192209803017
1445305620000	3.716544784869623
1445305680000	3.402806777473134
1445305740000	3.7141771899500258
1445305800000	3.323596054171371
1445305860000	3.482238260083825
1445305920000	3.1520409374145504
1445305980000	3.0087197845851645
1445306040000	3.4719423557447815
1445306100000	3.5539154415283583
1445306160000	3.641657065589549
1445306220000	3.4748843641315164
1445306280000	3.2482996488290983
1445306340000	3.482485137802135
1445306400000	3.2313086666808575
1445306460000	3.3240504607480195
1445306520000	3.1664616613628764
1445306580000	3.390346722283421
1445306640000	3.40462088210362
1445306700000	3.635687178203813
1445306760000	3.391090193108457
1445306820000	3.562665545192333
1445306880000	3.148983305321848
1445306940000	3.3267544783313334
1445307000000	3.2450029032882686
1445307060000	3.3907162270434887
1445307120000	3.48320150866957
1445307180000	3.5608817906535046
1445307240000	3.147782326816482
1445307300000	3.5613651709882643
1445307360000	3.3912837104955567
1445307420000	3.310639438299148
1445307480000	3.165660059314181
1445307540000	3.3890450651408757
1445307600000	3.959293453578961
1445307660000	3.2425359984764826
1445307720000	3.150333362823954
1445307780000	3.392546530845528
1445307840000	3.4834385948647903
1445307900000	3.4036521266473625
1445307960000	3.166472878526501
1445308020000	3.2471517479744554
1445308080000	3.5524364445908123
1445308140000	3.4026994049608548
1445308200000	3.7192864588495573
1445308260000	3.3098099355771735
1445308320000	3.402005181412124
1445308380000	3.3902553164954687
1445308440000	3.391288981706136
1445308500000	3.402287547813514
1445308560000	3.0710674092830934
1445308620000	3.234922868622039
1445308680000	3.406200477038377
1445308740000	3.4746542557403712
1445308800000	3.4033322263269747
1445308860000	3.553301111621988
1445308920000	2.988987077114372
1445308980000	3.0066162172289714
1445309040000	3.4530633341257064
1445309100000	3.0972398417359344
1445309160000	3.20471837095192
1445309220000	2.996278720391074
1445309280000	3.227799573406923
1445309340000	3.36152895783118
1445309400000	3.2453996904640676
1445309460000	3.1154956164377543
1445309520000	3.1676406501740817
1445309580000	3.4741794639514794
1445309640000	3.249548803120835
1445309700000	3.392139161701457
1445309760000	3.0623861653642592
1445309820000	3.364643342398243
1445309880000	3.2758552568947663
1445309940000	3.634886403842705
1445310000000	2.7215920769331645
1445310060000	3.114498363221304
1445310120000	3.196053960017725
1445310180000	3.361095986179173
1445310240000	3.177652854828787
1445310300000	3.166447499023992
1445310360000	3.1505468198117854
1445310420000	3.1687366736056055
1445310480000	3.0704944932398317
1445310540000	0.1615161032059634
1445310600000	1.9796284748096928
1445310660000	3.2294582135759398
1445310720000	3.642963015055574
1445310780000	3.246047126112177
1445310840000	2.747394323749998
1445310900000	3.1666625796927748
1445310960000	2.5039233348753327
1445311020000	2.8508603866950586
1445311080000	2.2191186263148475
1445311140000	3.0706395786694625
1445311200000	3.008583409293467
1445311260000	2.746937180192636
1445311320000	2.6664492567838307
1445311380000	3.0085677477697557
1445311440000	3.3124699567559066
1445311500000	3.1660675131247102
1445311560000	3.1523873079387075
1445311620000	2.9709687333765014
1445311680000	3.2452366357296674
1445311740000	3.149638094468953
1445311800000	2.850851807793433
1445311860000	3.0890222347622447
1445311920000	3.150784487775047
1445311980000	3.166391916201438
1445312040000	3.071121579055953
1445312100000	3.0724376289602633
1445312160000	2.6896222763693287
1445312220000	2.66541306098035
1445312280000	0
1445312340000	0
1445312400000	1.1086299796194214
1445312460000	3.40447046955387
1445312520000	38.523125141281746
1445312580000	3.0676197438303405
1445312640000	3.3259654619472037
1445312700000	3.642912671820253
1445312760000	3.7255939904742115
1445312820000	3.2011183427042074
1445312880000	3.246982152824006
1445312940000	3.072627990824324
1445313000000	3.1927604005880457
1445313060000	3.006825216296565
1445313120000	2.911910756406229
1445313180000	2.937620676911566
1445313240000	2.4224456547027793
1445313300000	3.0859015897674826
1445313360000	3.085336308283165
1445313420000	3.1496917027247475
1445313480000	3.0875214968684217
1445313540000	3.0084477608974387
1445313600000	3.5501375272561813
