time	mean
1445261400000	720.3333333333333
1445261460000	764.1666666666666
1445261520000	766
1445261580000	769
1445261640000	769
1445261700000	769.3333333333334
1445261760000	768
1445261820000	768
1445261880000	768
1445261940000	768
1445262000000	767.0000000000001
1445262060000	769.3333333333333
1445262120000	767.8333333333334
1445262180000	767.1666666666666
1445262240000	768.4000000000001
1445262300000	766.5
1445262360000	768.1666666666666
1445262420000	766.1666666666667
1445262480000	767
1445262540000	768.3333333333334
1445262600000	771
1445262660000	771.5
1445262720000	766.6666666666666
1445262780000	766
1445262840000	766.5
1445262900000	767
1445262960000	767
1445263020000	764.1666666666667
1445263080000	762
1445263140000	762.3333333333333
1445263200000	759.8333333333333
1445263260000	760.1666666666667
1445263320000	761.6666666666666
1445263380000	757
1445263440000	757.8333333333335
1445263500000	758
1445263560000	758
1445263620000	758.6666666666666
1445263680000	759
1445263740000	759
1445263800000	760
1445263860000	760
1445263920000	760
1445263980000	760
1445264040000	761.5
1445264100000	763
1445264160000	763
1445264220000	763.6666666666666
1445264280000	764
1445264340000	764
1445264400000	764.5999999999999
1445264460000	765
1445264520000	765
1445264580000	765.5
1445264640000	766
1445264700000	766
1445264760000	766.3333333333334
1445264820000	768
1445264880000	768.8333333333333
1445264940000	769
1445265000000	769.5
1445265060000	770
1445265120000	770
1445265180000	770
1445265240000	770
1445265300000	770
1445265360000	770
1445265420000	770.3333333333334
1445265480000	771
1445265540000	773
1445265600000	775
1445265660000	777
1445265720000	778.8333333333334
1445265780000	779
1445265840000	773.3333333333334
1445265900000	774
1445265960000	774
1445266020000	774
1445266080000	774.6
1445266140000	775
1445266200000	771.6666666666667
1445266260000	770
1445266320000	772.1666666666667
1445266380000	772
1445266440000	772.8333333333335
1445266500000	773
1445266560000	773
1445266620000	773.3333333333334
1445266680000	774
1445266740000	774
1445266800000	774.1666666666666
1445266860000	774.5
1445266920000	775
1445266980000	775
1445267040000	776.3333333333333
1445267100000	777.5
1445267160000	778.3333333333334
1445267220000	786
1445267280000	786
1445267340000	785
1445267400000	785
1445267460000	787.5
1445267520000	792
1445267580000	790.1666666666667
1445267640000	789.3333333333334
1445267700000	786
1445267760000	786
1445267820000	786.1666666666666
1445267880000	789
1445267940000	788.1666666666666
1445268000000	784
1445268060000	784
1445268120000	784.3333333333334
1445268180000	785.1666666666666
1445268240000	785.5000000000001
1445268300000	786
1445268360000	786
1445268420000	786
1445268480000	786
1445268540000	786
1445268600000	787.3333333333334
1445268660000	788.8333333333334
1445268720000	789
1445268780000	788.5
1445268840000	788
1445268900000	788.4
1445268960000	788
1445269020000	788
1445269080000	788.1666666666667
1445269140000	788
1445269200000	788.3333333333334
1445269260000	789
1445269320000	790.1666666666667
1445269380000	792.8333333333333
1445269440000	795.6666666666667
1445269500000	798.4000000000001
1445269560000	799
1445269620000	796.8333333333333
1445269680000	796
1445269740000	796.5000000000001
1445269800000	797
1445269860000	797
1445269920000	797
1445269980000	793.8333333333334
1445270040000	792.6
1445270100000	793
1445270160000	793
1445270220000	793
1445270280000	793.3333333333334
1445270340000	795.3333333333333
1445270400000	796
1445270460000	796
1445270520000	797
1445270580000	797
1445270640000	797
1445270700000	797
1445270760000	797.1666666666667
1445270820000	798
1445270880000	798
1445270940000	795
1445271000000	793
1445271060000	793.6666666666666
1445271120000	795
1445271180000	795
1445271240000	795.8333333333333
1445271300000	795.1666666666666
1445271360000	795
1445271420000	795
1445271480000	795
1445271540000	795.1666666666666
1445271600000	795
1445271660000	795
1445271720000	795.6666666666665
1445271780000	796
1445271840000	797.6666666666666
1445271900000	798
1445271960000	798
1445272020000	798
1445272080000	798
1445272140000	798.5
1445272200000	799
1445272260000	799
1445272320000	799
1445272380000	799
1445272440000	799
1445272500000	799
1445272560000	799.6666666666667
1445272620000	801.8333333333333
1445272680000	802
1445272740000	802
1445272800000	802.8333333333335
1445272860000	802.1666666666666
1445272920000	798.8
1445272980000	799.1666666666666
1445273040000	795
1445273100000	795
1445273160000	796
1445273220000	796
1445273280000	796.6666666666666
1445273340000	798
1445273400000	798.5
1445273460000	799
1445273520000	799
1445273580000	799
1445273640000	799.5
1445273700000	800
1445273760000	800
1445273820000	800
1445273880000	800
1445273940000	799.5
1445274000000	797
1445274060000	799
1445274120000	800
1445274180000	800
1445274240000	800
1445274300000	800
1445274360000	800
1445274420000	800
1445274480000	800
1445274540000	800
1445274600000	799
1445274660000	799.6666666666667
1445274720000	800
1445274780000	800.6666666666666
1445274840000	801.5
1445274900000	802.3333333333333
1445274960000	799
1445275020000	799
1445275080000	799.1666666666666
1445275140000	799.8333333333334
1445275200000	795
1445275260000	795
1445275320000	795
1445275380000	795.6666666666665
1445275440000	796
1445275500000	796
1445275560000	796
1445275620000	797.5000000000001
1445275680000	798.4999999999999
1445275740000	798.8
1445275800000	799
1445275860000	799
1445275920000	799
1445275980000	799
1445276040000	799
1445276100000	799
1445276160000	799
1445276220000	799
1445276280000	799
1445276340000	799
1445276400000	799
1445276460000	799.1666666666667
1445276520000	800
1445276580000	800
1445276640000	802.8333333333335
1445276700000	803
1445276760000	803.8333333333334
1445276820000	799
1445276880000	799.4
1445276940000	799.6666666666667
1445277000000	800
1445277060000	800
1445277120000	800
1445277180000	800
1445277240000	798.5
1445277300000	796.1666666666667
1445277360000	797.1666666666666
1445277420000	799
1445277480000	799
1445277540000	799
1445277600000	799
1445277660000	799.6666666666667
1445277720000	800
1445277780000	800
1445277840000	800
1445277900000	800.8333333333334
1445277960000	801
1445278020000	801
1445278080000	801
1445278140000	802.3333333333334
1445278200000	803.6666666666666
1445278260000	804
1445278320000	804
1445278380000	804
1445278440000	801.6666666666667
1445278500000	800
1445278560000	800
1445278620000	800.5000000000001
1445278680000	801
1445278740000	801
1445278800000	801.1666666666666
1445278860000	802.5000000000001
1445278920000	804
1445278980000	804
1445279040000	804
1445279100000	804
1445279160000	804
1445279220000	804.1666666666666
1445279280000	804.6666666666666
1445279340000	804.3333333333334
1445279400000	804.1666666666666
1445279460000	805
1445279520000	805
1445279580000	805
1445279640000	806.3333333333333
1445279700000	807.8000000000001
1445279760000	808
1445279820000	808
1445279880000	808
1445279940000	809
1445280000000	809
1445280060000	808.5
1445280120000	805.3333333333334
1445280180000	801.8333333333333
1445280240000	803.8
1445280300000	805.6666666666666
1445280360000	807.8333333333334
1445280420000	810.1666666666666
1445280480000	811
1445280540000	811
1445280600000	808.3333333333334
1445280660000	807
1445280720000	807.1666666666666
1445280780000	808
1445280840000	808
1445280900000	808
1445280960000	808
1445281020000	808
1445281080000	809
1445281140000	810.6666666666665
1445281200000	811
1445281260000	809
1445281320000	807.1666666666666
1445281380000	808
1445281440000	808
1445281500000	808
1445281560000	808
1445281620000	808
1445281680000	808
1445281740000	807.1666666666666
1445281800000	807.3333333333333
1445281860000	808
1445281920000	808.5999999999999
1445281980000	811
1445282040000	811
1445282100000	811.5
1445282160000	811.1666666666667
1445282220000	810
1445282280000	810
1445282340000	810
1445282400000	810
1445282460000	810.3333333333334
1445282520000	810.5999999999999
1445282580000	811
1445282640000	811
1445282700000	812.1666666666666
1445282760000	813.6666666666665
1445282820000	814
1445282880000	814
1445282940000	814
1445283000000	814
1445283060000	814
1445283120000	815
1445283180000	814.6666666666666
1445283240000	814
1445283300000	814
1445283360000	814
1445283420000	814
1445283480000	814
1445283540000	814
1445283600000	814
1445283660000	814.2
1445283720000	815.6666666666666
1445283780000	817
1445283840000	817.5
1445283900000	816
1445283960000	814
1445284020000	814
1445284080000	814.6666666666667
1445284140000	815
1445284200000	815
1445284260000	815
1445284320000	815
1445284380000	814
1445284440000	812.3333333333333
1445284500000	814
1445284560000	814
1445284620000	814
1445284680000	812.1666666666667
1445284740000	811
1445284800000	811
1445284860000	811
1445284920000	811
1445284980000	807.1666666666666
1445285040000	807.8333333333334
1445285100000	808
1445285160000	808
1445285220000	809.6666666666666
1445285280000	810.6666666666665
1445285340000	811
1445285400000	811
1445285460000	811
1445285520000	811
1445285580000	811.5
1445285640000	812
1445285700000	812
1445285760000	812
1445285820000	812
1445285880000	812.2
1445285940000	813.3333333333334
1445286000000	815
1445286060000	815
1445286120000	815
1445286180000	815.6666666666666
1445286240000	816
1445286300000	816
1445286360000	816
1445286420000	816
1445286480000	816
1445286540000	816
1445286600000	817
1445286660000	817
1445286720000	818
1445286780000	819
1445286840000	819
1445286900000	819
1445286960000	819
1445287020000	819.6
1445287080000	820
1445287140000	820
1445287200000	820.3333333333334
1445287260000	821
1445287320000	820.5
1445287380000	818
1445287440000	818.6666666666667
1445287500000	818.8333333333334
1445287560000	818
1445287620000	818
1445287680000	818
1445287740000	818
1445287800000	818.1666666666666
1445287860000	819
1445287920000	819
1445287980000	819
1445288040000	819
1445288100000	819.5
1445288160000	820
1445288220000	821
1445288280000	819
1445288340000	819
1445288400000	819.8333333333333
1445288460000	820
1445288520000	817.9999999999999
1445288580000	817.1666666666665
1445288640000	818
1445288700000	815.2
1445288760000	811
1445288820000	811
1445288880000	811
1445288940000	811
1445289000000	811
1445289060000	812.0000000000001
1445289120000	814
1445289180000	814.3333333333333
1445289240000	815
1445289300000	815
1445289360000	815
1445289420000	815.1666666666666
1445289480000	815.1666666666667
1445289540000	816
1445289600000	816
1445289660000	816
1445289720000	816
1445289780000	816.8333333333334
1445289840000	819
1445289900000	819
1445289960000	819
1445290020000	819
1445290080000	819
1445290140000	819
1445290200000	819.1666666666666
1445290260000	819.3333333333333
1445290320000	820
1445290380000	820
1445290440000	820
1445290500000	820
1445290560000	820
1445290620000	820
1445290680000	820
1445290740000	820
1445290800000	820
1445290860000	822
1445290920000	822.8000000000001
1445290980000	823
1445291040000	823.6666666666667
1445291100000	824
1445291160000	824
1445291220000	824.3333333333334
1445291280000	825
1445291340000	825
1445291400000	825.1666666666666
1445291460000	825
1445291520000	825.8
1445291580000	827.6666666666666
1445291640000	828.6666666666666
1445291700000	828.6666666666666
1445291760000	829.6666666666667
1445291820000	830
1445291880000	830
1445291940000	830
1445292000000	830
1445292060000	830
1445292120000	830
1445292180000	830
1445292240000	830.6666666666666
1445292300000	831.3333333333334
1445292360000	833
1445292420000	833.1666666666666
1445292480000	833
1445292540000	830
1445292600000	830
1445292660000	830
1445292720000	830.1666666666667
1445292780000	831
1445292840000	831
1445292900000	831
1445292960000	831
1445293020000	831
1445293080000	833
1445293140000	834
1445293200000	834
1445293260000	833
1445293320000	831.1666666666666
1445293380000	831.5
1445293440000	832
1445293500000	832
1445293560000	832
1445293620000	832
1445293680000	832
1445293740000	832.2
1445293800000	832
1445293860000	833.3333333333334
1445293920000	834
1445293980000	834.1666666666666
1445294040000	834.1666666666666
1445294100000	834.6666666666666
1445294160000	835
1445294220000	835
1445294280000	835.3333333333334
1445294340000	836
1445294400000	836
1445294460000	836
1445294520000	837
1445294580000	836.6666666666667
1445294640000	836
1445294700000	836
1445294760000	836.5
1445294820000	836.5
1445294880000	834
1445294940000	834
1445295000000	834
1445295060000	834.6666666666666
1445295120000	835
1445295180000	835
1445295240000	835
1445295300000	833.8333333333334
1445295360000	836
1445295420000	836
1445295480000	836
1445295540000	836.3333333333334
1445295600000	837
1445295660000	837
1445295720000	837
1445295780000	837
1445295840000	837.8333333333333
1445295900000	838
1445295960000	838
1445296020000	838
1445296080000	837.3333333333334
1445296140000	839
1445296200000	838.5
1445296260000	839
1445296320000	839.8333333333334
1445296380000	839.8333333333333
1445296440000	838
1445296500000	838
1445296560000	838.1666666666667
1445296620000	838.5
1445296680000	839
1445296740000	839
1445296800000	839
1445296860000	839
1445296920000	840
1445296980000	841.8333333333334
1445297040000	840.8
1445297100000	839
1445297160000	839
1445297220000	839.6666666666666
1445297280000	840
1445297340000	840
1445297400000	839.8333333333334
1445297460000	839.8333333333334
1445297520000	840
1445297580000	840
1445297640000	840
1445297700000	841.3333333333334
1445297760000	842
1445297820000	842
1445297880000	842
1445297940000	842
1445298000000	842
1445298060000	842.3333333333334
1445298120000	843
1445298180000	843
1445298240000	843.5
1445298300000	844.5
1445298360000	842.5
1445298420000	842
1445298480000	842
1445298540000	842.1666666666667
1445298600000	840.3333333333334
1445298660000	840.6666666666667
1445298720000	842
1445298780000	842.4
1445298840000	842.5
1445298900000	842
1445298960000	840
1445299020000	840.3333333333333
1445299080000	841
1445299140000	841
1445299200000	841
1445299260000	841
1445299320000	841.6
1445299380000	842
1445299440000	843.3333333333333
1445299500000	844
1445299560000	844
1445299620000	844.8333333333334
1445299680000	845
1445299740000	845
1445299800000	843.5
1445299860000	842.4
1445299920000	843
1445299980000	843
1445300040000	843
1445300100000	843.1666666666666
1445300160000	844.1666666666666
1445300220000	846
1445300280000	846.3333333333333
1445300340000	846
1445300400000	846
1445300460000	846.8
1445300520000	847
1445300580000	847
1445300640000	847
1445300700000	847
1445300760000	847
1445300820000	847
1445300880000	847
1445300940000	848
1445301000000	849
1445301060000	849.5
1445301120000	849.8333333333333
1445301180000	850
1445301240000	850
1445301300000	850
1445301360000	850
1445301420000	850.3333333333334
1445301480000	850.8333333333334
1445301540000	851
1445301600000	851
1445301660000	851.8333333333334
1445301720000	854
1445301780000	854
1445301840000	853
1445301900000	854
1445301960000	854
1445302020000	854
1445302080000	854.1666666666667
1445302140000	854.2
1445302200000	854.6666666666666
1445302260000	855
1445302320000	855
1445302380000	855.3333333333333
1445302440000	856.5
1445302500000	858
1445302560000	857.5
1445302620000	857
1445302680000	857.6
1445302740000	857.3333333333334
1445302800000	858
1445302860000	858
1445302920000	858
1445302980000	858.6666666666666
1445303040000	859
1445303100000	859
1445303160000	859
1445303220000	860.2
1445303280000	860.6666666666667
1445303340000	860
1445303400000	860
1445303460000	860
1445303520000	861.1666666666666
1445303580000	861.1666666666666
1445303640000	861
1445303700000	861
1445303760000	861
1445303820000	861.1999999999999
1445303880000	862.6666666666667
1445303940000	862
1445304000000	862
1445304060000	863.8333333333333
1445304120000	860.8333333333334
1445304180000	860.5
1445304240000	861
1445304300000	861
1445304360000	861
1445304420000	861.1666666666666
1445304480000	862
1445304540000	862
1445304600000	862
1445304660000	862
1445304720000	862
1445304780000	862
1445304840000	863.6666666666666
1445304900000	864
1445304960000	864
1445305020000	864
1445305080000	864
1445305140000	864
1445305200000	864
1445305260000	864.1666666666666
1445305320000	865
1445305380000	865
1445305440000	865.8333333333334
1445305500000	865.6
1445305560000	865
1445305620000	865.3333333333334
1445305680000	866
1445305740000	866
1445305800000	866
1445305860000	868
1445305920000	868.5
1445305980000	869
1445306040000	869.1666666666666
1445306100000	870
1445306160000	870
1445306220000	870
1445306280000	869.5
1445306340000	869.6666666666666
1445306400000	870
1445306460000	870
1445306520000	870
1445306580000	869.6666666666666
1445306640000	870.4
1445306700000	870.6666666666666
1445306760000	871
1445306820000	871
1445306880000	871
1445306940000	871.1666666666666
1445307000000	871.8333333333334
1445307060000	872
1445307120000	872.1666666666667
1445307180000	872.6
1445307240000	873
1445307300000	873
1445307360000	874
1445307420000	875
1445307480000	875.8333333333334
1445307540000	876
1445307600000	876
1445307660000	876
1445307720000	876
1445307780000	876.4
1445307840000	875.3333333333334
1445307900000	875
1445307960000	875
1445308020000	875
1445308080000	875
1445308140000	877
1445308200000	877
1445308260000	877
1445308320000	877.1999999999999
1445308380000	877.3333333333333
1445308440000	878
1445308500000	878
1445308560000	878
1445308620000	878
1445308680000	878.8333333333334
1445308740000	879
1445308800000	879
1445308860000	880.1999999999999
1445308920000	882
1445308980000	881.5
1445309040000	882
1445309100000	882
1445309160000	882
1445309220000	881.6666666666667
1445309280000	881.3333333333334
1445309340000	881.3333333333334
1445309400000	882
1445309460000	882
1445309520000	882
1445309580000	882.1666666666666
1445309640000	883
1445309700000	884.3333333333334
1445309760000	885
1445309820000	885
1445309880000	885.1666666666666
1445309940000	886
1445310000000	886
1445310060000	886
1445310120000	885
1445310180000	885
1445310240000	885.1666666666666
1445310300000	885.3333333333334
1445310360000	884.1666666666667
1445310420000	884
1445310480000	884
1445310540000	885.4
1445310600000	885.3333333333333
1445310660000	886
1445310720000	886.6666666666667
1445310780000	887.1666666666666
1445310840000	888
1445310900000	888.3333333333333
1445310960000	889.8333333333334
1445311020000	891
1445311080000	891
1445311140000	891
1445311200000	891
1445311260000	891
1445311320000	891.1666666666666
1445311380000	891.1666666666666
1445311440000	890.3333333333334
1445311500000	890.8333333333334
1445311560000	891
1445311620000	891
1445311680000	891
1445311740000	891
1445311800000	891
1445311860000	891
1445311920000	891.5
1445311980000	891.1666666666666
1445312040000	892
1445312100000	892
1445312160000	892
1445312220000	891.6666666666666
1445312280000	891
1445312340000	891.8333333333333
1445312400000	892
1445312460000	892.4
1445312520000	892.3333333333334
1445312580000	894.3333333333333
1445312640000	895
1445312700000	893.8333333333334
1445312760000	893
1445312820000	893
1445312880000	893.5
1445312940000	894.5
1445313000000	892.1666666666667
1445313060000	893.5999999999999
1445313120000	895.5
1445313180000	896
1445313240000	896
1445313300000	896.6666666666666
1445313360000	897
1445313420000	897
1445313480000	897
1445313540000	897
1445313600000	895.8333333333334
1445313660000	894
1445313720000	894
1445313780000	894
1445313840000	893.5
1445313900000	893
1445313960000	893
1445314020000	893
1445314080000	893
1445314140000	893
