time	mean
1445261400000	729
1445261460000	764.3333333333333
1445261520000	773.8333333333334
1445261580000	779.1666666666666
1445261640000	782.4
1445261700000	783
1445261760000	781
1445261820000	781
1445261880000	781
1445261940000	781
1445262000000	780.8333333333333
1445262060000	779.1666666666666
1445262120000	777
1445262180000	773.5
1445262240000	772
1445262300000	769
1445262360000	767.6666666666667
1445262420000	767
1445262480000	762.5
1445262540000	753.6666666666666
1445262600000	756
1445262660000	756.8333333333333
1445262720000	757
1445262780000	757.2
1445262840000	757.8333333333335
1445262900000	758
1445262960000	758
1445263020000	758
1445263080000	759
1445263140000	759
1445263200000	759
1445263260000	759.8333333333333
1445263320000	761.6666666666666
1445263380000	762
1445263440000	762
1445263500000	762
1445263560000	762.5
1445263620000	762.6666666666666
1445263680000	762
1445263740000	761.8333333333334
1445263800000	762
1445263860000	761.4000000000001
1445263920000	761.6666666666666
1445263980000	761.8333333333334
1445264040000	761.8333333333334
1445264100000	763.8333333333334
1445264160000	764
1445264220000	764
1445264280000	764
1445264340000	763.8333333333334
1445264400000	764
1445264460000	764
1445264520000	764
1445264580000	764.5
1445264640000	765
1445264700000	765
1445264760000	765.3333333333334
1445264820000	767
1445264880000	767.6666666666666
1445264940000	768
1445265000000	768
1445265060000	768
1445265120000	768.3333333333333
1445265180000	769
1445265240000	769
1445265300000	769
1445265360000	769
1445265420000	769.3333333333334
1445265480000	770
1445265540000	771.1999999999999
1445265600000	772
1445265660000	772.5
1445265720000	773
1445265780000	773
1445265840000	773
1445265900000	773.1666666666666
1445265960000	772.8333333333335
1445266020000	773
1445266080000	770.4
1445266140000	760
1445266200000	760
1445266260000	760
1445266320000	762
1445266380000	762.6666666666666
1445266440000	763
1445266500000	763
1445266560000	763
1445266620000	763.3333333333334
1445266680000	764
1445266740000	765.6666666666665
1445266800000	766
1445266860000	766
1445266920000	766.8333333333334
1445266980000	767
1445267040000	768.3333333333333
1445267100000	769
1445267160000	770.3333333333334
1445267220000	778
1445267280000	778.1666666666667
1445267340000	778
1445267400000	778.1666666666667
1445267460000	778.8333333333334
1445267520000	779
1445267580000	779
1445267640000	779.1666666666666
1445267700000	779.6666666666666
1445267760000	780
1445267820000	780
1445267880000	782
1445267940000	782.6666666666667
1445268000000	782.8333333333334
1445268060000	783
1445268120000	783
1445268180000	783.1666666666666
1445268240000	783.6666666666665
1445268300000	784
1445268360000	784
1445268420000	783.3333333333333
1445268480000	783.8333333333333
1445268540000	784
1445268600000	785.3333333333334
1445268660000	786
1445268720000	786.6666666666666
1445268780000	786.8333333333333
1445268840000	787
1445268900000	787
1445268960000	787
1445269020000	787
1445269080000	787
1445269140000	787
1445269200000	787
1445269260000	787.1666666666665
1445269320000	787.8333333333335
1445269380000	788
1445269440000	788
1445269500000	788.4000000000001
1445269560000	788.8333333333334
1445269620000	791
1445269680000	791
1445269740000	772.1666666666667
1445269800000	773
1445269860000	773
1445269920000	773
1445269980000	773.1666666666666
1445270040000	773.8
1445270100000	774
1445270160000	774
1445270220000	774
1445270280000	774
1445270340000	776
1445270400000	777
1445270460000	777
1445270520000	777.1666666666666
1445270580000	777.8333333333334
1445270640000	778
1445270700000	778
1445270760000	778
1445270820000	778.3333333333334
1445270880000	778.8333333333334
1445270940000	779
1445271000000	779
1445271060000	779.6666666666667
1445271120000	781.6666666666667
1445271180000	782
1445271240000	782
1445271300000	782
1445271360000	782.1666666666667
1445271420000	782.6666666666666
1445271480000	783
1445271540000	783
1445271600000	783
1445271660000	783.5
1445271720000	784
1445271780000	784
1445271840000	785.6666666666666
1445271900000	786
1445271960000	786.5
1445272020000	787
1445272080000	787
1445272140000	787.1666666666667
1445272200000	787
1445272260000	788
1445272320000	788
1445272380000	788
1445272440000	788
1445272500000	788.1666666666666
1445272560000	789.1666666666667
1445272620000	791
1445272680000	791
1445272740000	791
1445272800000	791.1666666666666
1445272860000	792
1445272920000	792
1445272980000	792
1445273040000	792.6666666666666
1445273100000	793
1445273160000	793
1445273220000	792.6666666666666
1445273280000	792.6666666666667
1445273340000	780.3333333333333
1445273400000	781
1445273460000	781
1445273520000	781
1445273580000	781.1666666666665
1445273640000	782
1445273700000	782
1445273760000	782
1445273820000	782
1445273880000	782.8333333333334
1445273940000	783
1445274000000	783
1445274060000	784.6
1445274120000	785
1445274180000	785.6666666666666
1445274240000	786
1445274300000	786
1445274360000	786
1445274420000	786.5
1445274480000	787
1445274540000	787
1445274600000	787
1445274660000	787
1445274720000	787
1445274780000	787.6666666666667
1445274840000	788
1445274900000	790
1445274960000	790
1445275020000	790.3333333333334
1445275080000	790.6666666666666
1445275140000	791
1445275200000	791
1445275260000	791
1445275320000	791.3333333333333
1445275380000	792
1445275440000	792
1445275500000	792
1445275560000	792.1666666666666
1445275620000	794.3333333333334
1445275680000	795
1445275740000	795
1445275800000	795
1445275860000	795.3333333333333
1445275920000	795.8333333333333
1445275980000	796
1445276040000	796
1445276100000	796
1445276160000	796
1445276220000	796
1445276280000	796
1445276340000	796
1445276400000	796
1445276460000	796.3333333333334
1445276520000	797
1445276580000	797
1445276640000	799
1445276700000	799.6666666666667
1445276760000	800
1445276820000	800
1445276880000	800
1445276940000	800
1445277000000	800.8333333333334
1445277060000	801
1445277120000	801
1445277180000	801
1445277240000	801.6666666666666
1445277300000	801.8333333333333
1445277360000	802.6666666666667
1445277420000	804
1445277480000	804
1445277540000	804.6666666666665
1445277600000	805
1445277660000	805
1445277720000	805
1445277780000	805.5000000000001
1445277840000	806
1445277900000	800.3333333333333
1445277960000	799.4
1445278020000	800
1445278080000	800
1445278140000	801.3333333333333
1445278200000	802
1445278260000	802
1445278320000	802
1445278380000	802
1445278440000	802.5
1445278500000	803
1445278560000	803
1445278620000	803
1445278680000	803
1445278740000	803.6666666666666
1445278800000	804
1445278860000	805
1445278920000	806
1445278980000	806.6666666666666
1445279040000	807
1445279100000	807
1445279160000	807
1445279220000	807.3333333333333
1445279280000	807.5
1445279340000	808
1445279400000	808.1666666666667
1445279460000	809.3333333333335
1445279520000	809.5000000000001
1445279580000	810
1445279640000	811.3333333333333
1445279700000	812
1445279760000	812
1445279820000	812.3333333333334
1445279880000	812.8333333333334
1445279940000	813
1445280000000	813
1445280060000	813
1445280120000	813.6666666666665
1445280180000	814
1445280240000	814
1445280300000	814.8333333333334
1445280360000	810.1666666666666
1445280420000	811
1445280480000	811
1445280540000	802.5
1445280600000	798.5
1445280660000	799
1445280720000	799
1445280780000	799
1445280840000	799
1445280900000	799.6666666666667
1445280960000	800
1445281020000	800
1445281080000	800
1445281140000	802
1445281200000	802.8333333333335
1445281260000	803
1445281320000	803
1445281380000	803
1445281440000	803.1666666666666
1445281500000	803.5000000000001
1445281560000	804
1445281620000	804
1445281680000	804
1445281740000	804
1445281800000	804
1445281860000	804.5
1445281920000	805
1445281980000	807
1445282040000	807
1445282100000	807
1445282160000	808
1445282220000	808
1445282280000	808
1445282340000	808.3333333333334
1445282400000	808.8333333333334
1445282460000	809
1445282520000	809
1445282580000	809
1445282640000	809.5
1445282700000	810.8333333333334
1445282760000	812
1445282820000	812
1445282880000	812
1445282940000	812.6666666666666
1445283000000	813
1445283060000	812.1999999999999
1445283120000	811.6666666666666
1445283180000	811
1445283240000	811.1666666666667
1445283300000	811.8333333333334
1445283360000	812
1445283420000	812
1445283480000	812
1445283540000	812
1445283600000	812
1445283660000	812
1445283720000	813
1445283780000	814
1445283840000	815
1445283900000	815
1445283960000	815
1445284020000	815.1666666666666
1445284080000	815.8333333333334
1445284140000	815
1445284200000	815
1445284260000	816
1445284320000	816
1445284380000	816
1445284440000	816.3333333333334
1445284500000	818
1445284560000	818.8333333333334
1445284620000	819
1445284680000	819
1445284740000	819
1445284800000	819
1445284860000	819
1445284920000	819
1445284980000	819.6666666666666
1445285040000	820
1445285100000	820
1445285160000	820
1445285220000	821.8333333333334
1445285280000	823
1445285340000	823
1445285400000	823
1445285460000	823
1445285520000	823.6666666666667
1445285580000	823
1445285640000	823
1445285700000	823.3333333333333
1445285760000	824
1445285820000	824
1445285880000	824
1445285940000	824.6666666666667
1445286000000	826.6666666666667
1445286060000	827
1445286120000	827
1445286180000	827
1445286240000	827.1666666666666
1445286300000	827.8333333333334
1445286360000	828
1445286420000	828
1445286480000	828.3333333333333
1445286540000	828.1666666666666
1445286600000	829
1445286660000	829
1445286720000	830
1445286780000	831
1445286840000	831.3333333333334
1445286900000	832
1445286960000	832
1445287020000	832
1445287080000	832.1666666666666
1445287140000	832.8333333333334
1445287200000	833
1445287260000	833
1445287320000	833.1666666666666
1445287380000	833.5
1445287440000	834.3333333333334
1445287500000	836
1445287560000	836
1445287620000	836.1666666666667
1445287680000	836.5
1445287740000	823.5
1445287800000	817
1445287860000	817
1445287920000	817
1445287980000	817.1666666666665
1445288040000	818
1445288100000	817.5
1445288160000	817.4
1445288220000	819
1445288280000	820
1445288340000	820
1445288400000	820
1445288460000	820.5
1445288520000	820.8333333333334
1445288580000	821
1445288640000	821
1445288700000	821
1445288760000	821.6666666666666
1445288820000	822
1445288880000	822
1445288940000	822
1445289000000	822
1445289060000	823
1445289120000	824.6666666666666
1445289180000	825
1445289240000	825
1445289300000	825
1445289360000	825.3333333333333
1445289420000	825.8333333333333
1445289480000	826
1445289540000	826
1445289600000	826.1666666666666
1445289660000	826.8333333333334
1445289720000	827
1445289780000	827.6666666666666
1445289840000	829
1445289900000	829.1666666666666
1445289960000	829.5
1445290020000	830
1445290080000	830
1445290140000	830
1445290200000	830.6666666666666
1445290260000	831
1445290320000	831
1445290380000	831
1445290440000	831
1445290500000	831.3333333333333
1445290560000	831
1445290620000	831
1445290680000	831
1445290740000	831
1445290800000	831.3333333333333
1445290860000	834
1445290920000	834
1445290980000	834
1445291040000	834.5
1445291100000	835
1445291160000	835
1445291220000	835
1445291280000	835.5
1445291340000	827.8333333333333
1445291400000	820
1445291460000	820.5
1445291520000	821
1445291580000	822.6666666666666
1445291640000	823
1445291700000	823
1445291760000	824
1445291820000	825
1445291880000	825
1445291940000	825
1445292000000	825.3333333333333
1445292060000	825.8
1445292120000	826
1445292180000	826
1445292240000	826
1445292300000	826.6666666666666
1445292360000	829
1445292420000	829
1445292480000	829
1445292540000	829
1445292600000	829.5
1445292660000	830
1445292720000	830
1445292780000	830
1445292840000	830.1666666666667
1445292900000	831
1445292960000	831
1445293020000	831
1445293080000	832
1445293140000	833.3333333333334
1445293200000	833.8
1445293260000	834
1445293320000	834
1445293380000	833.8333333333334
1445293440000	834
1445293500000	834
1445293560000	834
1445293620000	834.3333333333334
1445293680000	835
1445293740000	835
1445293800000	835
1445293860000	836.3333333333334
1445293920000	837.1666666666666
1445293980000	838
1445294040000	838
1445294100000	838
1445294160000	838
1445294220000	838.5
1445294280000	838
1445294340000	838
1445294400000	838.1666666666667
1445294460000	838.1666666666666
1445294520000	838
1445294580000	839.1666666666666
1445294640000	841
1445294700000	840.6666666666666
1445294760000	841
1445294820000	841
1445294880000	841
1445294940000	841.5
1445295000000	841.8333333333334
1445295060000	842
1445295120000	842
1445295180000	842.3333333333334
1445295240000	842.6666666666667
1445295300000	842.1666666666667
1445295360000	844.8333333333334
1445295420000	845
1445295480000	845
1445295540000	845
1445295600000	845
1445295660000	845
1445295720000	845
1445295780000	845
1445295840000	845
1445295900000	845
1445295960000	845.4000000000001
1445296020000	846
1445296080000	846
1445296140000	848
1445296200000	848
1445296260000	848
1445296320000	848.3333333333334
1445296380000	849
1445296440000	849
1445296500000	849
1445296560000	849.5
1445296620000	849
1445296680000	849.8333333333333
1445296740000	850
1445296800000	850
1445296860000	850
1445296920000	851.1666666666666
1445296980000	853
1445297040000	853
1445297100000	853
1445297160000	853
1445297220000	853.1666666666667
1445297280000	853.6666666666667
1445297340000	854
1445297400000	854
1445297460000	854
1445297520000	854.3333333333334
1445297580000	855
1445297640000	855
1445297700000	856.3333333333334
1445297760000	857
1445297820000	857
1445297880000	857
1445297940000	857
1445298000000	857
1445298060000	857.3333333333334
1445298120000	857.8333333333334
1445298180000	858
1445298240000	858
1445298300000	858
1445298360000	858.8333333333333
1445298420000	859
1445298480000	859
1445298540000	855.8333333333334
1445298600000	840
1445298660000	840.8333333333334
1445298720000	843
1445298780000	843
1445298840000	843
1445298900000	843
1445298960000	843
1445299020000	843
1445299080000	843
1445299140000	843
1445299200000	843
1445299260000	843
1445299320000	843
1445299380000	843
1445299440000	844.3333333333334
1445299500000	845
1445299560000	845
1445299620000	845.1666666666667
1445299680000	845.5
1445299740000	845
1445299800000	845.8333333333334
1445299860000	846
1445299920000	846.1666666666666
1445299980000	846.3333333333333
1445300040000	847
1445300100000	847
1445300160000	847.3333333333334
1445300220000	849
1445300280000	849
1445300340000	849.5
1445300400000	850
1445300460000	850
1445300520000	850
1445300580000	850.1666666666666
1445300640000	850.8333333333334
1445300700000	851
1445300760000	851
1445300820000	851
1445300880000	851.3333333333334
1445300940000	852.5
1445301000000	853.5999999999999
1445301060000	854
1445301120000	854
1445301180000	854
1445301240000	854
1445301300000	854.6666666666666
1445301360000	855
1445301420000	855
1445301480000	855
1445301540000	855.4000000000001
1445301600000	856
1445301660000	856
1445301720000	858
1445301780000	858.1666666666666
1445301840000	858.8333333333333
1445301900000	859
1445301960000	859
1445302020000	859
1445302080000	859
1445302140000	859.8
1445302200000	850
1445302260000	850.3333333333334
1445302320000	851
1445302380000	851
1445302440000	851.6666666666666
1445302500000	853
1445302560000	853.3333333333334
1445302620000	853.8333333333334
1445302680000	854
1445302740000	854
1445302800000	854
1445302860000	854.6666666666666
1445302920000	855
1445302980000	855
1445303040000	855
1445303100000	855.1666666666666
1445303160000	855.5
1445303220000	857.2
1445303280000	858
1445303340000	858
1445303400000	858
1445303460000	858
1445303520000	858.3333333333333
1445303580000	858.8333333333333
1445303640000	859
1445303700000	859
1445303760000	859.3333333333334
1445303820000	859.8
1445303880000	861
1445303940000	861
1445304000000	861
1445304060000	862.6666666666666
1445304120000	864
1445304180000	864
1445304240000	864
1445304300000	864
1445304360000	864.4
1445304420000	865
1445304480000	865
1445304540000	865
1445304600000	865.1666666666666
1445304660000	865.8333333333334
1445304720000	866
1445304780000	866
1445304840000	867.6666666666666
1445304900000	868.2
1445304960000	868.1666666666666
1445305020000	868
1445305080000	868
1445305140000	868
1445305200000	868.5
1445305260000	869
1445305320000	869
1445305380000	869
1445305440000	869.3333333333334
1445305500000	870
1445305560000	870
1445305620000	870
1445305680000	870.1666666666666
1445305740000	870.6666666666666
1445305800000	857
1445305860000	859
1445305920000	859
1445305980000	859
1445306040000	859
1445306100000	859
1445306160000	859.5
1445306220000	860
1445306280000	860
1445306340000	860
1445306400000	860.3333333333334
1445306460000	861
1445306520000	861
1445306580000	861.3333333333334
1445306640000	863
1445306700000	863.3333333333334
1445306760000	864
1445306820000	864
1445306880000	864
1445306940000	864
1445307000000	864.8333333333333
1445307060000	865
1445307120000	865
1445307180000	865
1445307240000	865.1666666666667
1445307300000	866
1445307360000	867
1445307420000	868
1445307480000	868
1445307540000	868.8333333333334
1445307600000	869
1445307660000	869
1445307720000	869
1445307780000	869
1445307840000	869.5
1445307900000	870
1445307960000	870
1445308020000	870.1666666666666
1445308080000	870.6666666666666
1445308140000	872.8333333333334
1445308200000	873
1445308260000	873
1445308320000	873
1445308380000	873.1666666666666
1445308440000	873.8333333333333
1445308500000	874
1445308560000	874
1445308620000	874.1666666666666
1445308680000	875
1445308740000	875
1445308800000	875
1445308860000	875.4
1445308920000	877.1666666666667
1445308980000	878
1445309040000	878
1445309100000	878
1445309160000	878
1445309220000	878.8333333333334
1445309280000	878.8333333333334
1445309340000	879
1445309400000	867.6666666666667
1445309460000	866
1445309520000	866
1445309580000	866
1445309640000	866
1445309700000	867.6666666666667
1445309760000	869
1445309820000	869
1445309880000	869
1445309940000	869.1666666666666
1445310000000	869.6
1445310060000	870
1445310120000	870
1445310180000	870
1445310240000	870
1445310300000	870.6666666666666
1445310360000	871
1445310420000	871
1445310480000	871
1445310540000	873
1445310600000	873
1445310660000	873
1445310720000	873.1666666666666
1445310780000	874
1445310840000	874
1445310900000	874
1445310960000	874
1445311020000	875
1445311080000	875
1445311140000	875
1445311200000	875
1445311260000	875
1445311320000	875.1666666666666
1445311380000	876
1445311440000	876
1445311500000	876
1445311560000	876
1445311620000	876.3333333333333
1445311680000	877
1445311740000	877
1445311800000	877
1445311860000	877
1445311920000	877
1445311980000	877.5
1445312040000	877.6666666666667
1445312100000	878
1445312160000	878
1445312220000	878
1445312280000	878
1445312340000	878
1445312400000	878
1445312460000	878
1445312520000	878
1445312580000	879
1445312640000	879
1445312700000	879
1445312760000	879.3333333333333
1445312820000	879.1666666666667
1445312880000	875
1445312940000	875.3333333333334
1445313000000	875.8333333333334
1445313060000	873.6
1445313120000	872
1445313180000	872
1445313240000	872.1666666666666
1445313300000	872.8333333333334
1445313360000	873
1445313420000	873
1445313480000	873
1445313540000	873
1445313600000	873.5
1445313660000	874
1445313720000	874
1445313780000	874
1445313840000	874
1445313900000	874
1445313960000	874
1445314020000	874
1445314080000	874
1445314140000	874
