time	mean
1445261400000	740
1445261460000	781.6666666666667
1445261520000	791.1666666666666
1445261580000	791.5
1445261640000	794
1445261700000	794.1666666666666
1445261760000	795
1445261820000	795
1445261880000	794.8333333333333
1445261940000	796
1445262000000	796
1445262060000	795.1666666666667
1445262120000	792.9999999999999
1445262180000	792.5
1445262240000	789.6
1445262300000	786
1445262360000	786.8333333333333
1445262420000	787.5
1445262480000	787.1666666666665
1445262540000	787.3333333333334
1445262600000	789.3333333333333
1445262660000	790
1445262720000	790
1445262780000	790.2
1445262840000	790.5000000000001
1445262900000	791
1445262960000	791
1445263020000	791.1666666666666
1445263080000	791.6666666666666
1445263140000	792
1445263200000	792
1445263260000	792.1666666666666
1445263320000	793.1666666666667
1445263380000	795
1445263440000	795
1445263500000	795
1445263560000	795.3333333333333
1445263620000	795.8333333333333
1445263680000	796
1445263740000	796
1445263800000	796
1445263860000	796.6
1445263920000	797
1445263980000	796.4999999999999
1445264040000	796.3333333333334
1445264100000	795.6666666666666
1445264160000	795
1445264220000	795.1666666666666
1445264280000	795.8333333333333
1445264340000	796
1445264400000	792.8
1445264460000	792
1445264520000	792.5
1445264580000	793
1445264640000	793
1445264700000	793
1445264760000	793.3333333333334
1445264820000	795
1445264880000	796
1445264940000	796
1445265000000	796
1445265060000	796.3333333333333
1445265120000	797
1445265180000	797
1445265240000	797
1445265300000	797.1666666666666
1445265360000	797.8333333333334
1445265420000	798
1445265480000	798
1445265540000	798
1445265600000	799.8333333333334
1445265660000	801
1445265720000	799.6666666666666
1445265780000	797
1445265840000	797.5
1445265900000	798
1445265960000	798
1445266020000	798
1445266080000	798.2
1445266140000	798.8333333333333
1445266200000	799
1445266260000	799
1445266320000	799.6666666666667
1445266380000	801.8333333333333
1445266440000	802
1445266500000	802
1445266560000	802
1445266620000	802.6666666666667
1445266680000	802.8
1445266740000	802
1445266800000	802
1445266860000	802.6666666666667
1445266920000	803
1445266980000	803
1445267040000	803
1445267100000	804.6666666666666
1445267160000	802.6666666666667
1445267220000	810.4000000000001
1445267280000	810.8333333333333
1445267340000	811
1445267400000	811
1445267460000	811
1445267520000	811
1445267580000	811.6666666666667
1445267640000	812
1445267700000	812
1445267760000	810.4000000000001
1445267820000	804.5
1445267880000	805.6666666666666
1445267940000	807
1445268000000	807
1445268060000	807
1445268120000	807.8333333333334
1445268180000	808
1445268240000	808
1445268300000	808
1445268360000	808.4
1445268420000	809
1445268480000	809
1445268540000	809
1445268600000	809
1445268660000	811.6666666666667
1445268720000	812
1445268780000	812
1445268840000	812
1445268900000	812
1445268960000	812
1445269020000	812
1445269080000	812
1445269140000	812
1445269200000	812.3333333333334
1445269260000	813
1445269320000	813
1445269380000	813
1445269440000	813.3333333333333
1445269500000	814
1445269560000	812.6666666666666
1445269620000	810.6666666666667
1445269680000	812
1445269740000	812.8333333333334
1445269800000	813
1445269860000	813
1445269920000	813.3333333333333
1445269980000	814
1445270040000	814
1445270100000	814
1445270160000	814
1445270220000	814.3333333333334
1445270280000	815
1445270340000	815.3333333333333
1445270400000	817
1445270460000	817.1666666666667
1445270520000	817.8333333333335
1445270580000	813.5
1445270640000	811
1445270700000	811
1445270760000	811.5
1445270820000	812
1445270880000	812
1445270940000	812
1445271000000	812
1445271060000	813
1445271120000	814.3333333333334
1445271180000	815
1445271240000	815
1445271300000	815.3333333333334
1445271360000	816
1445271420000	816
1445271480000	816
1445271540000	816.1666666666666
1445271600000	817
1445271660000	817
1445271720000	817
1445271780000	817
1445271840000	817.6666666666667
1445271900000	819.8333333333333
1445271960000	820
1445272020000	820
1445272080000	820.1666666666667
1445272140000	821
1445272200000	821
1445272260000	821
1445272320000	821
1445272380000	821
1445272440000	821.6666666666666
1445272500000	822
1445272560000	822
1445272620000	823.6666666666667
1445272680000	824.5
1445272740000	825
1445272800000	825
1445272860000	825
1445272920000	825.5999999999999
1445272980000	825.8333333333333
1445273040000	825.1666666666667
1445273100000	824
1445273160000	824.1666666666666
1445273220000	825.6666666666666
1445273280000	826
1445273340000	827.3333333333334
1445273400000	828.1666666666666
1445273460000	828
1445273520000	829
1445273580000	829
1445273640000	823.6666666666667
1445273700000	821.5
1445273760000	822
1445273820000	822
1445273880000	822
1445273940000	817.3333333333334
1445274000000	814.3333333333334
1445274060000	814
1445274120000	816.8333333333333
1445274180000	817
1445274240000	817
1445274300000	817
1445274360000	817
1445274420000	818
1445274480000	818
1445274540000	818
1445274600000	818
1445274660000	818
1445274720000	818.3333333333334
1445274780000	818.8333333333334
1445274840000	819
1445274900000	819.6666666666667
1445274960000	821
1445275020000	821.8333333333334
1445275080000	821.1666666666667
1445275140000	821
1445275200000	821.1999999999999
1445275260000	821.8333333333334
1445275320000	822
1445275380000	822
1445275440000	822
1445275500000	823
1445275560000	823
1445275620000	823.3333333333334
1445275680000	825
1445275740000	825.5999999999999
1445275800000	826
1445275860000	826
1445275920000	826
1445275980000	826
1445276040000	826.3333333333334
1445276100000	826.6666666666667
1445276160000	827
1445276220000	827
1445276280000	827
1445276340000	827
1445276400000	827
1445276460000	827
1445276520000	827
1445276580000	827.1666666666666
1445276640000	828.6666666666667
1445276700000	830
1445276760000	830
1445276820000	830.6666666666666
1445276880000	831
1445276940000	831
1445277000000	831
1445277060000	831.1666666666666
1445277120000	831.5
1445277180000	832
1445277240000	832
1445277300000	832
1445277360000	832
1445277420000	834.4
1445277480000	835
1445277540000	835
1445277600000	835
1445277660000	835
1445277720000	835.8333333333334
1445277780000	836
1445277840000	836
1445277900000	836
1445277960000	836.6
1445278020000	837
1445278080000	837
1445278140000	837.3333333333334
1445278200000	839.1666666666667
1445278260000	839.8333333333334
1445278320000	840
1445278380000	839
1445278440000	839.1666666666667
1445278500000	839.8333333333334
1445278560000	840
1445278620000	840
1445278680000	840
1445278740000	840.6666666666666
1445278800000	841
1445278860000	841
1445278920000	842.6666666666666
1445278980000	843
1445279040000	844
1445279100000	844
1445279160000	844
1445279220000	844
1445279280000	844
1445279340000	844.8333333333334
1445279400000	845.1666666666666
1445279460000	846
1445279520000	846
1445279580000	846.6666666666666
1445279640000	847
1445279700000	849
1445279760000	849
1445279820000	849
1445279880000	849.5
1445279940000	850
1445280000000	850
1445280060000	850
1445280120000	850.1666666666667
1445280180000	851
1445280240000	851.2
1445280300000	851.8333333333334
1445280360000	852
1445280420000	850.1666666666667
1445280480000	851
1445280540000	851
1445280600000	851.1666666666666
1445280660000	844
1445280720000	844
1445280780000	844.1666666666666
1445280840000	844.8
1445280900000	845
1445280960000	845
1445281020000	845
1445281080000	845.5
1445281140000	846.3333333333334
1445281200000	848
1445281260000	842
1445281320000	841
1445281380000	841
1445281440000	841
1445281500000	841.3333333333334
1445281560000	841.8333333333334
1445281620000	842
1445281680000	842
1445281740000	842
1445281800000	842
1445281860000	842
1445281920000	842.4
1445281980000	843.6666666666667
1445282040000	845
1445282100000	845
1445282160000	845.3333333333334
1445282220000	846
1445282280000	846
1445282340000	846
1445282400000	846
1445282460000	846.5
1445282520000	847
1445282580000	847
1445282640000	847
1445282700000	847
1445282760000	849.6666666666666
1445282820000	850
1445282880000	850
1445282940000	850
1445283000000	850.6666666666667
1445283060000	851
1445283120000	851
1445283180000	851
1445283240000	851
1445283300000	851.3333333333334
1445283360000	852
1445283420000	852
1445283480000	852
1445283540000	852
1445283600000	852
1445283660000	852
1445283720000	852
1445283780000	853.6666666666667
1445283840000	855
1445283900000	855
1445283960000	855
1445284020000	855.3333333333333
1445284080000	855.8333333333333
1445284140000	856
1445284200000	856
1445284260000	856
1445284320000	856
1445284380000	856.5
1445284440000	857
1445284500000	858
1445284560000	859
1445284620000	859.6666666666667
1445284680000	860
1445284740000	860
1445284800000	860
1445284860000	860.1666666666667
1445284920000	860.8333333333334
1445284980000	861
1445285040000	861
1445285100000	859.8333333333334
1445285160000	854
1445285220000	854.3333333333333
1445285280000	856.3333333333334
1445285340000	857
1445285400000	857
1445285460000	857
1445285520000	857
1445285580000	857.6666666666666
1445285640000	858
1445285700000	858
1445285760000	858
1445285820000	858.1666666666666
1445285880000	858.8
1445285940000	859
1445286000000	860
1445286060000	861
1445286120000	861.1666666666666
1445286180000	862
1445286240000	862
1445286300000	862
1445286360000	862
1445286420000	862.6
1445286480000	863
1445286540000	863
1445286600000	863
1445286660000	863
1445286720000	863.8333333333334
1445286780000	866
1445286840000	866
1445286900000	866
1445286960000	866
1445287020000	866.6
1445287080000	867
1445287140000	867
1445287200000	867
1445287260000	867.3333333333333
1445287320000	868
1445287380000	868
1445287440000	868
1445287500000	869.3333333333333
1445287560000	870.8
1445287620000	869
1445287680000	869
1445287740000	869.1666666666667
1445287800000	869.8333333333334
1445287860000	870
1445287920000	870
1445287980000	870
1445288040000	870.8333333333333
1445288100000	870
1445288160000	870
1445288220000	869.8333333333334
1445288280000	870.6666666666666
1445288340000	871.5
1445288400000	872
1445288460000	872
1445288520000	872
1445288580000	872.1666666666666
1445288640000	872.8333333333334
1445288700000	873
1445288760000	873
1445288820000	873
1445288880000	873
1445288940000	873
1445289000000	873.5
1445289060000	874
1445289120000	875.6666666666666
1445289180000	873.6666666666667
1445289240000	868.6
1445289300000	868
1445289360000	868.5
1445289420000	869
1445289480000	869
1445289540000	869
1445289600000	869.5
1445289660000	870
1445289720000	870
1445289780000	870
1445289840000	871.1999999999999
1445289900000	872.5
1445289960000	873
1445290020000	872
1445290080000	871.1666666666666
1445290140000	871.1666666666667
1445290200000	872
1445290260000	872
1445290320000	872
1445290380000	872
1445290440000	872.1666666666667
1445290500000	872.6666666666666
1445290560000	873
1445290620000	873
1445290680000	873
1445290740000	873
1445290800000	873
1445290860000	874
1445290920000	875
1445290980000	875
1445291040000	875.8333333333334
1445291100000	876
1445291160000	876
1445291220000	876
1445291280000	876
1445291340000	876.8333333333333
1445291400000	877
1445291460000	876.6666666666666
1445291520000	876
1445291580000	876.5
1445291640000	878.8333333333334
1445291700000	879
1445291760000	879.6666666666666
1445291820000	878.5
1445291880000	877
1445291940000	877
1445292000000	877
1445292060000	878
1445292120000	878
1445292180000	878
1445292240000	878
1445292300000	878
1445292360000	879.6666666666667
1445292420000	881
1445292480000	881
1445292540000	881
1445292600000	881.1666666666666
1445292660000	881.8
1445292720000	882
1445292780000	882
1445292840000	882
1445292900000	882.5
1445292960000	881.8333333333334
1445293020000	876
1445293080000	876
1445293140000	877.6666666666667
1445293200000	878
1445293260000	878.3333333333334
1445293320000	878.8333333333334
1445293380000	879
1445293440000	879
1445293500000	879
1445293560000	880
1445293620000	880
1445293680000	879.1666666666666
1445293740000	879
1445293800000	879.1666666666666
1445293860000	879.6666666666666
1445293920000	882
1445293980000	882
1445294040000	882
1445294100000	882.3333333333333
1445294160000	882.8333333333333
1445294220000	883
1445294280000	883
1445294340000	883
1445294400000	883.5
1445294460000	884
1445294520000	884
1445294580000	884
1445294640000	884.6666666666666
1445294700000	879.6666666666666
1445294760000	880
1445294820000	880
1445294880000	880
1445294940000	880
1445295000000	880.8333333333334
1445295060000	881
1445295120000	881
1445295180000	881
1445295240000	881.1666666666667
1445295300000	882
1445295360000	882.6666666666667
1445295420000	884
1445295480000	884
1445295540000	884.6666666666666
1445295600000	885
1445295660000	883.8333333333334
1445295720000	878
1445295780000	878
1445295840000	878.8333333333334
1445295900000	879
1445295960000	879
1445296020000	879
1445296080000	879
1445296140000	879
1445296200000	879.8333333333334
1445296260000	881.8333333333334
1445296320000	882
1445296380000	882
1445296440000	882.5
1445296500000	883
1445296560000	883
1445296620000	883
1445296680000	883.3333333333334
1445296740000	883.8333333333334
1445296800000	884
1445296860000	884
1445296920000	884
1445296980000	885.6666666666666
1445297040000	887
1445297100000	887
1445297160000	887
1445297220000	887.1666666666667
1445297280000	887.1666666666667
1445297340000	888
1445297400000	888
1445297460000	888
1445297520000	888
1445297580000	888.3333333333333
1445297640000	889
1445297700000	889
1445297760000	891
1445297820000	891
1445297880000	891
1445297940000	891
1445298000000	891
1445298060000	891
1445298120000	891.5
1445298180000	892
1445298240000	892
1445298300000	892.1666666666667
1445298360000	892.8333333333334
1445298420000	893
1445298480000	893
1445298540000	893
1445298600000	893
1445298660000	893.8333333333334
1445298720000	895.3333333333334
1445298780000	896
1445298840000	896
1445298900000	896.5
1445298960000	897
1445299020000	897
1445299080000	893.6666666666666
1445299140000	892
1445299200000	886.5
1445299260000	885.8333333333333
1445299320000	886
1445299380000	886
1445299440000	886
1445299500000	888.3333333333334
1445299560000	889
1445299620000	889
1445299680000	889
1445299740000	889
1445299800000	889.8333333333334
1445299860000	890
1445299920000	890
1445299980000	890
1445300040000	890.5
1445300100000	891
1445300160000	891
1445300220000	892.3333333333334
1445300280000	893
1445300340000	893.5
1445300400000	894
1445300460000	894
1445300520000	894
1445300580000	894
1445300640000	894.6666666666666
1445300700000	895
1445300760000	895
1445300820000	895
1445300880000	895.1666666666667
1445300940000	896
1445301000000	897.6
1445301060000	898
1445301120000	898
1445301180000	898.1666666666666
1445301240000	898.6666666666667
1445301300000	899
1445301360000	899
1445301420000	899.1666666666666
1445301480000	899.6666666666666
1445301540000	900
1445301600000	900
1445301660000	900
1445301720000	900.6666666666667
1445301780000	902.6666666666666
1445301840000	903
1445301900000	903
1445301960000	903
1445302020000	903.6666666666666
1445302080000	904
1445302140000	904
1445302200000	898.1666666666666
1445302260000	897.3333333333333
1445302320000	898
1445302380000	898
1445302440000	898
1445302500000	899.8333333333334
1445302560000	901
1445302620000	901
1445302680000	901
1445302740000	901
1445302800000	901
1445302860000	901.6666666666667
1445302920000	902
1445302980000	897.3333333333333
1445303040000	895.5
1445303100000	896
1445303160000	896
1445303220000	896
1445303280000	897.6666666666666
1445303340000	898
1445303400000	898
1445303460000	898.5
1445303520000	899
1445303580000	899
1445303640000	899.1666666666666
1445303700000	899.6666666666666
1445303760000	900
1445303820000	900.2
1445303880000	901
1445303940000	901
1445304000000	901.5
1445304060000	902
1445304120000	903.6666666666666
1445304180000	904
1445304240000	904.5
1445304300000	904.8333333333334
1445304360000	905
1445304420000	905
1445304480000	905
1445304540000	905.1666666666667
1445304600000	906
1445304660000	906
1445304720000	906.3333333333333
1445304780000	907
1445304840000	907
1445304900000	909
1445304960000	909
1445305020000	909
1445305080000	909
1445305140000	909
1445305200000	909.1666666666666
1445305260000	910
1445305320000	910
1445305380000	910
1445305440000	910.1666666666667
1445305500000	910.4
1445305560000	909.1666666666666
1445305620000	909
1445305680000	909
1445305740000	909
1445305800000	909.8333333333333
1445305860000	910.6666666666666
1445305920000	912
1445305980000	912
1445306040000	912.5
1445306100000	913
1445306160000	913
1445306220000	913
1445306280000	913
1445306340000	913.5
1445306400000	908.1666666666666
1445306460000	907
1445306520000	907
1445306580000	907
1445306640000	908.2
1445306700000	909.5
1445306760000	910
1445306820000	910
1445306880000	910
1445306940000	910
1445307000000	910.1666666666666
1445307060000	910
1445307120000	910.3333333333333
1445307180000	911
1445307240000	911
1445307300000	911
1445307360000	911
1445307420000	912.8333333333334
1445307480000	913.8333333333334
1445307540000	914
1445307600000	914
1445307660000	914
1445307720000	914
1445307780000	914
1445307840000	914.6666666666666
1445307900000	915
1445307960000	915
1445308020000	915
1445308080000	915.1666666666666
1445308140000	916.6666666666666
1445308200000	918
1445308260000	918
1445308320000	918
1445308380000	918.3333333333333
1445308440000	918.6666666666666
1445308500000	919
1445308560000	919
1445308620000	919.1666666666667
1445308680000	919.5
1445308740000	920
1445308800000	920
1445308860000	920
1445308920000	921.1666666666667
1445308980000	923
1445309040000	923
1445309100000	923
1445309160000	923
1445309220000	923
1445309280000	923.6666666666666
1445309340000	924
1445309400000	924
1445309460000	924
1445309520000	924.1666666666666
1445309580000	924.3333333333333
1445309640000	925
1445309700000	925
1445309760000	927
1445309820000	927.5
1445309880000	924.5
1445309940000	921
1445310000000	921
1445310060000	921
1445310120000	921.1666666666666
1445310180000	919.5
1445310240000	915
1445310300000	915
1445310360000	915
1445310420000	915
1445310480000	915
1445310540000	915
1445310600000	915
1445310660000	917
1445310720000	917
1445310780000	917
1445310840000	917
1445310900000	917
1445310960000	917.3333333333334
1445311020000	917.1666666666667
1445311080000	917.1666666666666
1445311140000	918
1445311200000	918
1445311260000	918
1445311320000	918
1445311380000	918.1666666666666
1445311440000	919
1445311500000	919
1445311560000	919
1445311620000	919
1445311680000	919
1445311740000	919.8333333333334
1445311800000	920
1445311860000	920
1445311920000	920
1445311980000	920
1445312040000	920.1666666666666
1445312100000	920.6666666666666
1445312160000	921
1445312220000	921
1445312280000	921
1445312340000	921
1445312400000	921
1445312460000	921
1445312520000	921
1445312580000	921.3333333333333
1445312640000	922
1445312700000	922
1445312760000	922
1445312820000	922.5
1445312880000	923
1445312940000	923
1445313000000	923.1666666666667
1445313060000	923.8
1445313120000	924
1445313180000	924
1445313240000	924.1666666666666
1445313300000	924.8333333333333
1445313360000	925
1445313420000	925
1445313480000	925
1445313540000	925.1666666666666
1445313600000	925.3333333333333
1445313660000	925
1445313720000	925.3333333333334
1445313780000	925.6666666666667
1445313840000	926
1445313900000	926
1445313960000	926
1445314020000	926
1445314080000	926
1445314140000	926
