time	mean
1445261400000	52
1445261460000	50.5
1445261520000	51.33333333333333
1445261580000	52.833333333333336
1445261640000	54
1445261700000	54
1445261760000	55
1445261820000	55
1445261880000	55
1445261940000	55
1445262000000	55.333333333333336
1445262060000	61.83333333333333
1445262120000	72.5
1445262180000	83.16666666666667
1445262240000	94
1445262300000	103.16666666666667
1445262360000	105
1445262420000	105.66666666666667
1445262480000	106
1445262540000	104.66666666666667
1445262600000	105.66666666666667
1445262660000	104.16666666666666
1445262720000	102.16666666666666
1445262780000	102.80000000000001
1445262840000	103
1445262900000	103
1445262960000	102.16666666666666
1445263020000	99.16666666666667
1445263080000	95.5
1445263140000	90.16666666666667
1445263200000	86.83333333333334
1445263260000	86.83333333333333
1445263320000	83.66666666666667
1445263380000	79.4
1445263440000	78.5
1445263500000	77.5
1445263560000	75.83333333333333
1445263620000	77.66666666666667
1445263680000	80.66666666666667
1445263740000	81.33333333333333
1445263800000	84.16666666666667
1445263860000	85.4
1445263920000	88.33333333333333
1445263980000	92.83333333333331
1445264040000	95.83333333333333
1445264100000	96.66666666666667
1445264160000	96.83333333333334
1445264220000	98.66666666666667
1445264280000	100
1445264340000	100.83333333333333
1445264400000	101.80000000000001
1445264460000	103.5
1445264520000	103.33333333333333
1445264580000	104
1445264640000	105.83333333333333
1445264700000	106.83333333333333
1445264760000	106.5
1445264820000	106.5
1445264880000	106.5
1445264940000	106.4
1445265000000	102.16666666666666
1445265060000	96.66666666666667
1445265120000	90.83333333333333
1445265180000	86.33333333333334
1445265240000	80.66666666666667
1445265300000	76.33333333333333
1445265360000	76
1445265420000	76.83333333333334
1445265480000	80.5
1445265540000	85.19999999999999
1445265600000	89.66666666666666
1445265660000	98
1445265720000	103.83333333333333
1445265780000	104.66666666666667
1445265840000	103.16666666666667
1445265900000	100.33333333333334
1445265960000	100
1445266020000	99.33333333333333
1445266080000	97.19999999999999
1445266140000	97.16666666666666
1445266200000	97.33333333333331
1445266260000	98
1445266320000	98.49999999999999
1445266380000	100.5
1445266440000	101.5
1445266500000	102
1445266560000	103
1445266620000	104
1445266680000	100.8
1445266740000	98.49999999999999
1445266800000	99
1445266860000	99
1445266920000	99
1445266980000	99
1445267040000	99
1445267100000	98.33333333333333
1445267160000	90.49999999999999
1445267220000	83
1445267280000	76
1445267340000	58.833333333333336
1445267400000	57.5
1445267460000	68.5
1445267520000	85
1445267580000	99.5
1445267640000	104.83333333333333
1445267700000	105.83333333333334
1445267760000	105
1445267820000	103.83333333333333
1445267880000	100.5
1445267940000	96.99999999999999
1445268000000	92.83333333333333
1445268060000	87.16666666666667
1445268120000	87.49999999999999
1445268180000	90
1445268240000	92.5
1445268300000	94.16666666666666
1445268360000	95.4
1445268420000	97.16666666666666
1445268480000	96.33333333333333
1445268540000	90.66666666666667
1445268600000	83
1445268660000	81
1445268720000	75
1445268780000	69.83333333333333
1445268840000	64.5
1445268900000	60.6
1445268960000	57
1445269020000	57
1445269080000	57
1445269140000	57
1445269200000	57
1445269260000	60.33333333333333
1445269320000	70
1445269380000	80
1445269440000	89.66666666666669
1445269500000	100.8
1445269560000	105.33333333333334
1445269620000	107.16666666666667
1445269680000	107.66666666666666
1445269740000	108
1445269800000	109
1445269860000	108.66666666666667
1445269920000	109
1445269980000	109
1445270040000	108.8
1445270100000	108.33333333333333
1445270160000	107.5
1445270220000	104.83333333333333
1445270280000	105
1445270340000	105.66666666666667
1445270400000	106.83333333333333
1445270460000	108
1445270520000	109
1445270580000	107.83333333333333
1445270640000	106.2
1445270700000	106.16666666666667
1445270760000	106.66666666666666
1445270820000	106.66666666666667
1445270880000	106
1445270940000	105.66666666666667
1445271000000	105
1445271060000	106
1445271120000	106.66666666666666
1445271180000	107.4
1445271240000	107.83333333333333
1445271300000	107.33333333333333
1445271360000	107.5
1445271420000	106.83333333333334
1445271480000	106
1445271540000	106
1445271600000	105.83333333333333
1445271660000	105
1445271720000	103.83333333333334
1445271780000	102.80000000000001
1445271840000	100.33333333333333
1445271900000	99.66666666666666
1445271960000	95.33333333333334
1445272020000	93
1445272080000	93.16666666666667
1445272140000	93.83333333333333
1445272200000	93
1445272260000	86
1445272320000	79.39999999999999
1445272380000	74.83333333333333
1445272440000	69.5
1445272500000	66.16666666666666
1445272560000	66.16666666666667
1445272620000	68.33333333333333
1445272680000	71.66666666666667
1445272740000	76
1445272800000	81.66666666666667
1445272860000	90.16666666666667
1445272920000	99.19999999999999
1445272980000	104.66666666666667
1445273040000	104.83333333333333
1445273100000	102.66666666666667
1445273160000	102.66666666666667
1445273220000	102.66666666666667
1445273280000	102.66666666666667
1445273340000	102
1445273400000	102.5
1445273460000	103
1445273520000	104.16666666666667
1445273580000	106.33333333333333
1445273640000	107
1445273700000	110.16666666666666
1445273760000	113.83333333333333
1445273820000	115
1445273880000	120.83333333333333
1445273940000	124.33333333333334
1445274000000	128
1445274060000	128.4
1445274120000	133
1445274180000	137
1445274240000	137
1445274300000	136.33333333333331
1445274360000	121.83333333333331
1445274420000	101.5
1445274480000	83.16666666666667
1445274540000	56.333333333333336
1445274600000	56.199999999999996
1445274660000	65.66666666666667
1445274720000	80.66666666666667
1445274780000	96.33333333333333
1445274840000	102.66666666666667
1445274900000	103.66666666666666
1445274960000	104
1445275020000	103.5
1445275080000	102.5
1445275140000	98.99999999999999
1445275200000	96.4
1445275260000	90.83333333333333
1445275320000	89.16666666666667
1445275380000	92.5
1445275440000	95.16666666666667
1445275500000	96.16666666666667
1445275560000	96.66666666666667
1445275620000	97.33333333333334
1445275680000	97.50000000000001
1445275740000	92.2
1445275800000	85.33333333333333
1445275860000	82
1445275920000	78.83333333333333
1445275980000	72
1445276040000	67.33333333333333
1445276100000	63.166666666666664
1445276160000	56.333333333333336
1445276220000	56
1445276280000	56
1445276340000	56
1445276400000	56
1445276460000	58.833333333333336
1445276520000	68
1445276580000	78.16666666666666
1445276640000	89.16666666666666
1445276700000	100.83333333333331
1445276760000	104.66666666666667
1445276820000	105.16666666666667
1445276880000	106.80000000000001
1445276940000	107
1445277000000	107.5
1445277060000	107
1445277120000	106.66666666666667
1445277180000	104.83333333333333
1445277240000	104.66666666666667
1445277300000	104.83333333333333
1445277360000	104.66666666666666
1445277420000	104
1445277480000	104
1445277540000	103.66666666666667
1445277600000	102.83333333333334
1445277660000	103
1445277720000	102.66666666666667
1445277780000	102.16666666666666
1445277840000	102.5
1445277900000	100.66666666666667
1445277960000	100.2
1445278020000	100.83333333333334
1445278080000	102.16666666666667
1445278140000	102.83333333333334
1445278200000	103
1445278260000	103.66666666666666
1445278320000	104.16666666666667
1445278380000	106
1445278440000	108
1445278500000	108
1445278560000	108
1445278620000	108
1445278680000	107
1445278740000	107
1445278800000	106.5
1445278860000	104.16666666666666
1445278920000	104.5
1445278980000	105
1445279040000	104.5
1445279100000	104.2
1445279160000	102.83333333333334
1445279220000	95.66666666666667
1445279280000	94
1445279340000	93
1445279400000	90.16666666666667
1445279460000	82
1445279520000	75.66666666666667
1445279580000	71.16666666666667
1445279640000	65.83333333333333
1445279700000	63.2
1445279760000	63.166666666666664
1445279820000	65.33333333333333
1445279880000	69.16666666666667
1445279940000	72.5
1445280000000	78.16666666666667
1445280060000	86.66666666666667
1445280120000	96.33333333333331
1445280180000	102.83333333333333
1445280240000	105.2
1445280300000	105.33333333333333
1445280360000	105.5
1445280420000	105.5
1445280480000	105.16666666666667
1445280540000	105.83333333333334
1445280600000	106.16666666666666
1445280660000	105.83333333333334
1445280720000	106.66666666666666
1445280780000	107
1445280840000	106.80000000000001
1445280900000	107
1445280960000	109.16666666666666
1445281020000	110.66666666666667
1445281080000	114.16666666666667
1445281140000	118.16666666666666
1445281200000	120.33333333333334
1445281260000	122.33333333333333
1445281320000	126.33333333333334
1445281380000	128.6
1445281440000	130
1445281500000	130
1445281560000	124.33333333333333
1445281620000	104.66666666666667
1445281680000	85.16666666666667
1445281740000	57.666666666666664
1445281800000	55.5
1445281860000	66.33333333333334
1445281920000	80.4
1445281980000	95.33333333333333
1445282040000	102.5
1445282100000	103.16666666666666
1445282160000	104
1445282220000	105.33333333333333
1445282280000	108.83333333333333
1445282340000	111.66666666666667
1445282400000	113.66666666666667
1445282460000	114.16666666666667
1445282520000	113
1445282580000	115
1445282640000	115.66666666666666
1445282700000	115.33333333333333
1445282760000	113
1445282820000	106.83333333333333
1445282880000	98.83333333333334
1445282940000	89.83333333333333
1445283000000	84.83333333333334
1445283060000	82.6
1445283120000	76.33333333333333
1445283180000	70.33333333333333
1445283240000	65
1445283300000	60.33333333333333
1445283360000	56
1445283420000	56
1445283480000	56
1445283540000	56
1445283600000	56
1445283660000	59
1445283720000	68
1445283780000	78.33333333333333
1445283840000	88.33333333333334
1445283900000	99
1445283960000	102.83333333333334
1445284020000	103.16666666666667
1445284080000	104
1445284140000	103.66666666666667
1445284200000	103.39999999999999
1445284260000	103.83333333333333
1445284320000	103.83333333333333
1445284380000	103.66666666666666
1445284440000	104
1445284500000	105
1445284560000	105
1445284620000	104.33333333333333
1445284680000	101
1445284740000	95.66666666666667
1445284800000	92
1445284860000	92.16666666666666
1445284920000	92.83333333333334
1445284980000	94.5
1445285040000	99.33333333333333
1445285100000	102.83333333333333
1445285160000	108.5
1445285220000	113
1445285280000	115
1445285340000	116.2
1445285400000	115.83333333333333
1445285460000	114.33333333333333
1445285520000	111.5
1445285580000	107.66666666666666
1445285640000	103
1445285700000	101.33333333333333
1445285760000	101
1445285820000	97
1445285880000	93.4
1445285940000	94
1445286000000	94.16666666666667
1445286060000	94
1445286120000	94.83333333333333
1445286180000	94.5
1445286240000	95.33333333333333
1445286300000	97
1445286360000	99
1445286420000	95.2
1445286480000	95.83333333333333
1445286540000	95.83333333333333
1445286600000	94.66666666666667
1445286660000	89.16666666666667
1445286720000	79.16666666666669
1445286780000	74.16666666666666
1445286840000	69.66666666666667
1445286900000	66.5
1445286960000	66.83333333333333
1445287020000	68.4
1445287080000	71.16666666666666
1445287140000	74.5
1445287200000	79.83333333333331
1445287260000	87.83333333333333
1445287320000	97.16666666666667
1445287380000	101.83333333333334
1445287440000	101.5
1445287500000	100.83333333333334
1445287560000	100
1445287620000	99
1445287680000	99
1445287740000	99
1445287800000	98.66666666666666
1445287860000	98.16666666666667
1445287920000	98.83333333333334
1445287980000	101.16666666666667
1445288040000	102
1445288100000	102
1445288160000	99.80000000000001
1445288220000	96.33333333333334
1445288280000	93
1445288340000	91.5
1445288400000	92
1445288460000	90.5
1445288520000	86.83333333333333
1445288580000	84.83333333333333
1445288640000	83.83333333333333
1445288700000	84
1445288760000	77.33333333333334
1445288820000	66.16666666666667
1445288880000	60.333333333333336
1445288940000	55
1445289000000	55.5
1445289060000	66.33333333333333
1445289120000	82.5
1445289180000	97.5
1445289240000	102.4
1445289300000	103.83333333333333
1445289360000	105.16666666666667
1445289420000	104.66666666666666
1445289480000	103.33333333333333
1445289540000	101.33333333333333
1445289600000	97.16666666666667
1445289660000	92.5
1445289720000	91.33333333333333
1445289780000	93.5
1445289840000	94.6
1445289900000	95.83333333333334
1445289960000	97.83333333333333
1445290020000	98.5
1445290080000	97
1445290140000	89.66666666666667
1445290200000	83.66666666666667
1445290260000	79.5
1445290320000	73.5
1445290380000	67.8
1445290440000	63.333333333333336
1445290500000	60
1445290560000	55.66666666666667
1445290620000	56
1445290680000	56
1445290740000	56
1445290800000	56
1445290860000	58
1445290920000	67
1445290980000	76.66666666666666
1445291040000	87.33333333333334
1445291100000	97
1445291160000	102.5
1445291220000	104
1445291280000	104.66666666666666
1445291340000	105
1445291400000	104.83333333333333
1445291460000	104.83333333333333
1445291520000	104.6
1445291580000	104.5
1445291640000	105
1445291700000	105
1445291760000	105.66666666666667
1445291820000	105.66666666666667
1445291880000	105
1445291940000	103.5
1445292000000	102.66666666666666
1445292060000	100
1445292120000	100.83333333333333
1445292180000	100.83333333333334
1445292240000	100.5
1445292300000	101
1445292360000	100.83333333333333
1445292420000	101
1445292480000	101
1445292540000	102
1445292600000	102.16666666666667
1445292660000	103
1445292720000	104.16666666666667
1445292780000	105.66666666666667
1445292840000	106.83333333333333
1445292900000	106.33333333333333
1445292960000	107.16666666666667
1445293020000	108.5
1445293080000	110.5
1445293140000	112.16666666666666
1445293200000	113.6
1445293260000	114.33333333333334
1445293320000	115.83333333333333
1445293380000	117.16666666666667
1445293440000	117.83333333333334
1445293500000	117.5
1445293560000	111.5
1445293620000	100.5
1445293680000	95.5
1445293740000	91.8
1445293800000	87.66666666666667
1445293860000	80.33333333333333
1445293920000	74.16666666666666
1445293980000	69.16666666666667
1445294040000	63.5
1445294100000	60.33333333333333
1445294160000	61.66666666666667
1445294220000	63.16666666666667
1445294280000	66.66666666666666
1445294340000	70.60000000000001
1445294400000	75.16666666666666
1445294460000	83.16666666666667
1445294520000	92.83333333333334
1445294580000	101.66666666666666
1445294640000	106.5
1445294700000	108.83333333333333
1445294760000	109.66666666666666
1445294820000	110
1445294880000	110
1445294940000	110
1445295000000	110
1445295060000	110.16666666666667
1445295120000	108.5
1445295180000	106.16666666666667
1445295240000	106.33333333333333
1445295300000	107
1445295360000	107.83333333333334
1445295420000	111.19999999999999
1445295480000	115.66666666666667
1445295540000	119.66666666666667
1445295600000	121.16666666666666
1445295660000	122
1445295720000	124
1445295780000	127.16666666666666
1445295840000	128
1445295900000	127.66666666666666
1445295960000	115.19999999999999
1445296020000	95.16666666666669
1445296080000	79.5
1445296140000	54.5
1445296200000	54.5
1445296260000	64.5
1445296320000	79.33333333333333
1445296380000	95.16666666666666
1445296440000	101.83333333333334
1445296500000	102.4
1445296560000	104
1445296620000	105.16666666666667
1445296680000	106.66666666666666
1445296740000	108.16666666666666
1445296800000	111.5
1445296860000	112
1445296920000	108.16666666666667
1445296980000	111
1445297040000	113
1445297100000	114
1445297160000	113
1445297220000	110
1445297280000	102.66666666666667
1445297340000	95.83333333333333
1445297400000	88.66666666666667
1445297460000	83.66666666666667
1445297520000	79.5
1445297580000	72.66666666666667
1445297640000	67.4
1445297700000	64.33333333333333
1445297760000	56.333333333333336
1445297820000	54
1445297880000	54
1445297940000	54
1445298000000	54.5
1445298060000	57.83333333333333
1445298120000	66.66666666666667
1445298180000	76.6
1445298240000	87.16666666666667
1445298300000	98.33333333333333
1445298360000	102
1445298420000	102
1445298480000	102
1445298540000	102
1445298600000	102
1445298660000	101.33333333333333
1445298720000	101.66666666666667
1445298780000	101.4
1445298840000	101.83333333333334
1445298900000	102.33333333333333
1445298960000	105.5
1445299020000	109.33333333333333
1445299080000	112.33333333333334
1445299140000	116.83333333333333
1445299200000	120.5
1445299260000	121.5
1445299320000	124.2
1445299380000	126.33333333333334
1445299440000	128.66666666666669
1445299500000	128.83333333333331
1445299560000	129
1445299620000	124.5
1445299680000	121.16666666666666
1445299740000	118.83333333333334
1445299800000	115.16666666666667
1445299860000	112.19999999999999
1445299920000	110.5
1445299980000	107.16666666666667
1445300040000	104.66666666666667
1445300100000	103
1445300160000	103
1445300220000	104.33333333333334
1445300280000	107
1445300340000	108
1445300400000	112
1445300460000	114
1445300520000	115
1445300580000	116.16666666666667
1445300640000	116.66666666666667
1445300700000	117.16666666666666
1445300760000	110.16666666666667
1445300820000	100.83333333333334
1445300880000	92.66666666666667
1445300940000	89.50000000000001
1445301000000	86.6
1445301060000	80.33333333333333
1445301120000	74.66666666666667
1445301180000	70
1445301240000	65
1445301300000	60.166666666666664
1445301360000	61
1445301420000	63.16666666666667
1445301480000	67.16666666666666
1445301540000	70.4
1445301600000	75.5
1445301660000	83.83333333333334
1445301720000	93.33333333333334
1445301780000	101.33333333333334
1445301840000	105.66666666666666
1445301900000	108
1445301960000	109.16666666666667
1445302020000	110
1445302080000	110.5
1445302140000	110.8
1445302200000	110.16666666666666
1445302260000	110.66666666666666
1445302320000	110.83333333333333
1445302380000	109.33333333333333
1445302440000	107.66666666666667
1445302500000	107.16666666666666
1445302560000	108
1445302620000	111.83333333333333
1445302680000	114.8
1445302740000	119.5
1445302800000	122
1445302860000	122.16666666666667
1445302920000	125.5
1445302980000	129.66666666666666
1445303040000	132.33333333333334
1445303100000	131.83333333333334
1445303160000	124
1445303220000	103
1445303280000	80.66666666666667
1445303340000	54.5
1445303400000	54
1445303460000	61.66666666666667
1445303520000	78.66666666666667
1445303580000	93.5
1445303640000	102.33333333333333
1445303700000	104
1445303760000	104.83333333333334
1445303820000	106.19999999999999
1445303880000	107.83333333333333
1445303940000	108.5
1445304000000	109.5
1445304060000	109.33333333333333
1445304120000	105
1445304180000	106.16666666666666
1445304240000	109.16666666666666
1445304300000	111
1445304360000	111
1445304420000	110.16666666666667
1445304480000	104.83333333333333
1445304540000	96.5
1445304600000	89.83333333333333
1445304660000	82.5
1445304720000	77.66666666666666
1445304780000	72.16666666666666
1445304840000	65.33333333333334
1445304900000	62.6
1445304960000	54.66666666666667
1445305020000	53
1445305080000	53
1445305140000	53
1445305200000	53.5
1445305260000	56.16666666666667
1445305320000	65.33333333333334
1445305380000	75
1445305440000	85.83333333333334
1445305500000	97.4
1445305560000	103
1445305620000	104.33333333333333
1445305680000	106
1445305740000	106.66666666666667
1445305800000	106.16666666666666
1445305860000	106.16666666666667
1445305920000	106.83333333333333
1445305980000	106.33333333333334
1445306040000	106.66666666666667
1445306100000	108
1445306160000	108.33333333333334
1445306220000	109.5
1445306280000	113.33333333333334
1445306340000	117.16666666666666
1445306400000	120.66666666666667
1445306460000	119.66666666666666
1445306520000	120
1445306580000	121.5
1445306640000	122.19999999999999
1445306700000	122
1445306760000	120.83333333333334
1445306820000	116.66666666666667
1445306880000	114.83333333333333
1445306940000	114.83333333333333
1445307000000	113.66666666666667
1445307060000	110.16666666666666
1445307120000	110
1445307180000	108
1445307240000	104.83333333333333
1445307300000	104
1445307360000	104.33333333333333
1445307420000	104.83333333333333
1445307480000	107.33333333333334
1445307540000	110.33333333333334
1445307600000	112.5
1445307660000	113.66666666666667
1445307720000	114.33333333333334
1445307780000	116.6
1445307840000	117
1445307900000	116.33333333333334
1445307960000	111
1445308020000	101.16666666666666
1445308080000	90.66666666666667
1445308140000	88.16666666666666
1445308200000	83
1445308260000	77.16666666666666
1445308320000	71.4
1445308380000	65.5
1445308440000	60.166666666666664
1445308500000	57.666666666666664
1445308560000	58.16666666666667
1445308620000	61
1445308680000	65.83333333333333
1445308740000	70.5
1445308800000	75.83333333333333
1445308860000	84
1445308920000	93
1445308980000	101.16666666666666
1445309040000	106
1445309100000	108.83333333333334
1445309160000	109
1445309220000	109.16666666666667
1445309280000	109
1445309340000	109
1445309400000	107.5
1445309460000	106.4
1445309520000	106
1445309580000	105.83333333333333
1445309640000	102.33333333333333
1445309700000	103.33333333333333
1445309760000	105.5
1445309820000	109.33333333333334
1445309880000	113.83333333333334
1445309940000	118
1445310000000	124
1445310060000	124
1445310120000	125.66666666666666
1445310180000	129.33333333333334
1445310240000	131.66666666666669
1445310300000	132.33333333333334
1445310360000	126.66666666666667
1445310420000	110
1445310480000	87.83333333333334
1445310540000	55.4
1445310600000	53.333333333333336
1445310660000	61.333333333333336
1445310720000	76.83333333333334
1445310780000	92.16666666666667
1445310840000	101.66666666666667
1445310900000	103
1445310960000	104.5
1445311020000	106
1445311080000	107.33333333333333
1445311140000	109.66666666666667
1445311200000	112.4
1445311260000	114.83333333333334
1445311320000	115.16666666666667
1445311380000	113.16666666666667
1445311440000	112.33333333333333
1445311500000	114.66666666666667
1445311560000	115
1445311620000	113.5
1445311680000	109
1445311740000	104.5
1445311800000	98.8
1445311860000	93.83333333333334
1445311920000	85.83333333333334
1445311980000	82
1445312040000	81.83333333333333
1445312100000	79.16666666666667
1445312160000	71.16666666666667
1445312220000	60.666666666666664
1445312280000	54
1445312340000	54.83333333333333
1445312400000	55
1445312460000	57.2
1445312520000	65.83333333333333
1445312580000	76.16666666666666
1445312640000	86.66666666666667
1445312700000	99
1445312760000	103
1445312820000	104
1445312880000	104.83333333333333
1445312940000	105.5
1445313000000	106.66666666666666
1445313060000	108.6
1445313120000	109.33333333333333
1445313180000	109.66666666666666
1445313240000	110
1445313300000	110.83333333333334
1445313360000	113.16666666666667
1445313420000	116.33333333333333
1445313480000	118.33333333333333
1445313540000	119.33333333333333
1445313600000	120
1445313660000	117.8
1445313720000	108
1445313780000	89.33333333333331
1445313840000	62.666666666666664
1445313900000	54
1445313960000	54
1445314020000	54
1445314080000	54
1445314140000	54
