time	mean
1445261400000	52
1445261460000	50
1445261520000	51.166666666666664
1445261580000	52.66666666666667
1445261640000	53
1445261700000	53.833333333333336
1445261760000	54.33333333333333
1445261820000	55
1445261880000	55
1445261940000	55
1445262000000	54.83333333333333
1445262060000	61.166666666666664
1445262120000	71.66666666666667
1445262180000	81.66666666666667
1445262240000	89.8
1445262300000	99.5
1445262360000	102.83333333333334
1445262420000	103.16666666666667
1445262480000	103.83333333333333
1445262540000	105.66666666666666
1445262600000	107.5
1445262660000	109.16666666666666
1445262720000	109.66666666666667
1445262780000	109
1445262840000	113.66666666666667
1445262900000	114.16666666666667
1445262960000	116.83333333333334
1445263020000	119.33333333333334
1445263080000	124.83333333333333
1445263140000	129.5
1445263200000	135.33333333333334
1445263260000	136.5
1445263320000	137.5
1445263380000	141.2
1445263440000	144
1445263500000	144.83333333333334
1445263560000	145.33333333333331
1445263620000	142.5
1445263680000	137.83333333333334
1445263740000	135.5
1445263800000	132.16666666666666
1445263860000	130.4
1445263920000	123.66666666666667
1445263980000	118.5
1445264040000	115.83333333333334
1445264100000	115.66666666666666
1445264160000	116
1445264220000	112.33333333333334
1445264280000	111.66666666666667
1445264340000	107.5
1445264400000	103.4
1445264460000	98.99999999999999
1445264520000	98.33333333333333
1445264580000	98.16666666666666
1445264640000	97.5
1445264700000	95.5
1445264760000	96.66666666666667
1445264820000	99
1445264880000	102.33333333333333
1445264940000	104.6
1445265000000	103.83333333333333
1445265060000	99.33333333333333
1445265120000	94
1445265180000	86.16666666666667
1445265240000	79.83333333333333
1445265300000	76.5
1445265360000	77.83333333333333
1445265420000	78.33333333333334
1445265480000	81.16666666666667
1445265540000	85.6
1445265600000	89
1445265660000	97.66666666666667
1445265720000	105.5
1445265780000	111
1445265840000	115
1445265900000	117.83333333333334
1445265960000	118.66666666666666
1445266020000	119.5
1445266080000	121.4
1445266140000	120.83333333333334
1445266200000	121.33333333333333
1445266260000	122.33333333333333
1445266320000	117.83333333333334
1445266380000	115
1445266440000	115
1445266500000	114.33333333333333
1445266560000	105.16666666666667
1445266620000	100.16666666666666
1445266680000	98.4
1445266740000	98.5
1445266800000	96.66666666666667
1445266860000	95.5
1445266920000	92.66666666666667
1445266980000	90.83333333333333
1445267040000	88.5
1445267100000	87.83333333333333
1445267160000	77.5
1445267220000	70.6
1445267280000	65.83333333333333
1445267340000	58.333333333333336
1445267400000	57.66666666666667
1445267460000	68.66666666666666
1445267520000	85
1445267580000	98.83333333333334
1445267640000	104.83333333333333
1445267700000	104.83333333333333
1445267760000	105.60000000000001
1445267820000	106.83333333333333
1445267880000	110
1445267940000	113
1445268000000	115.83333333333333
1445268060000	115.33333333333333
1445268120000	115
1445268180000	117.83333333333333
1445268240000	119
1445268300000	118.66666666666667
1445268360000	113.80000000000001
1445268420000	108.83333333333333
1445268480000	100.00000000000001
1445268540000	91.83333333333333
1445268600000	86.5
1445268660000	80.66666666666667
1445268720000	75.83333333333333
1445268780000	69.5
1445268840000	63.33333333333333
1445268900000	60
1445268960000	56
1445269020000	56
1445269080000	56
1445269140000	56
1445269200000	56.166666666666664
1445269260000	59.666666666666664
1445269320000	69
1445269380000	79.16666666666666
1445269440000	89.83333333333334
1445269500000	99.80000000000001
1445269560000	104
1445269620000	103.33333333333333
1445269680000	104
1445269740000	104.83333333333333
1445269800000	104.66666666666667
1445269860000	105
1445269920000	105.16666666666667
1445269980000	106.5
1445270040000	107
1445270100000	107.16666666666666
1445270160000	106.83333333333334
1445270220000	104.5
1445270280000	99.49999999999999
1445270340000	92.5
1445270400000	86
1445270460000	84.5
1445270520000	79.66666666666667
1445270580000	79
1445270640000	79
1445270700000	79
1445270760000	79.16666666666666
1445270820000	81.33333333333333
1445270880000	84.66666666666667
1445270940000	90.5
1445271000000	97
1445271060000	100.83333333333333
1445271120000	104
1445271180000	107.8
1445271240000	111
1445271300000	112.33333333333333
1445271360000	113.5
1445271420000	113
1445271480000	108.16666666666666
1445271540000	103
1445271600000	99.66666666666667
1445271660000	99.66666666666667
1445271720000	98
1445271780000	97
1445271840000	93.66666666666667
1445271900000	93.83333333333334
1445271960000	94.33333333333333
1445272020000	94.83333333333333
1445272080000	94.49999999999999
1445272140000	95
1445272200000	93.99999999999999
1445272260000	86.16666666666667
1445272320000	78.4
1445272380000	75
1445272440000	69.83333333333333
1445272500000	66.16666666666666
1445272560000	66.33333333333333
1445272620000	68
1445272680000	71.33333333333334
1445272740000	74.83333333333333
1445272800000	80.5
1445272860000	88.83333333333333
1445272920000	97.60000000000001
1445272980000	104
1445273040000	107.83333333333333
1445273100000	111.5
1445273160000	112
1445273220000	112
1445273280000	112.33333333333333
1445273340000	112
1445273400000	111.83333333333334
1445273460000	111
1445273520000	109.5
1445273580000	107.16666666666666
1445273640000	107
1445273700000	107.33333333333334
1445273760000	105.66666666666667
1445273820000	105
1445273880000	105
1445273940000	105.16666666666667
1445274000000	105
1445274060000	105
1445274120000	105
1445274180000	104.16666666666666
1445274240000	104
1445274300000	103.66666666666667
1445274360000	92.16666666666667
1445274420000	78.66666666666667
1445274480000	70.83333333333334
1445274540000	54.166666666666664
1445274600000	54.8
1445274660000	65
1445274720000	80.83333333333333
1445274780000	95.66666666666666
1445274840000	102.5
1445274900000	103.33333333333334
1445274960000	104
1445275020000	104.5
1445275080000	107
1445275140000	110.66666666666667
1445275200000	113
1445275260000	112.16666666666667
1445275320000	112
1445275380000	114.16666666666667
1445275440000	115.83333333333333
1445275500000	116
1445275560000	114.66666666666666
1445275620000	108.5
1445275680000	101.33333333333333
1445275740000	95.19999999999999
1445275800000	87.33333333333334
1445275860000	82.66666666666667
1445275920000	77
1445275980000	70.66666666666666
1445276040000	65
1445276100000	60.83333333333333
1445276160000	53.5
1445276220000	54
1445276280000	54
1445276340000	54
1445276400000	54
1445276460000	57
1445276520000	66.33333333333333
1445276580000	77
1445276640000	87.16666666666667
1445276700000	98.5
1445276760000	103.16666666666666
1445276820000	103
1445276880000	103.6
1445276940000	104
1445277000000	103.66666666666666
1445277060000	104
1445277120000	104.66666666666667
1445277180000	107.66666666666666
1445277240000	107.66666666666667
1445277300000	108
1445277360000	108
1445277420000	107.4
1445277480000	104.66666666666667
1445277540000	102.83333333333333
1445277600000	100.66666666666666
1445277660000	95.83333333333334
1445277720000	90.5
1445277780000	89
1445277840000	88.16666666666666
1445277900000	89
1445277960000	88.6
1445278020000	90
1445278080000	90.5
1445278140000	91
1445278200000	91.66666666666667
1445278260000	95.83333333333334
1445278320000	99
1445278380000	100.83333333333334
1445278440000	102
1445278500000	103
1445278560000	103
1445278620000	101
1445278680000	99
1445278740000	98.83333333333333
1445278800000	98
1445278860000	97.66666666666666
1445278920000	95.83333333333334
1445278980000	94
1445279040000	94
1445279100000	95.4
1445279160000	95.33333333333333
1445279220000	89.83333333333333
1445279280000	89.83333333333333
1445279340000	90
1445279400000	86.5
1445279460000	78.33333333333333
1445279520000	72.66666666666667
1445279580000	68.83333333333334
1445279640000	62.666666666666664
1445279700000	59
1445279760000	60.5
1445279820000	62.666666666666664
1445279880000	66.33333333333333
1445279940000	70
1445280000000	75.83333333333333
1445280060000	84
1445280120000	93.33333333333333
1445280180000	99.33333333333334
1445280240000	99.8
1445280300000	99.66666666666667
1445280360000	99.16666666666667
1445280420000	99.16666666666667
1445280480000	99
1445280540000	98.33333333333333
1445280600000	96.50000000000001
1445280660000	96.33333333333333
1445280720000	97
1445280780000	99.66666666666666
1445280840000	101.80000000000001
1445280900000	102
1445280960000	102.33333333333333
1445281020000	103.5
1445281080000	105
1445281140000	106
1445281200000	108.83333333333333
1445281260000	110
1445281320000	110
1445281380000	110
1445281440000	110
1445281500000	110
1445281560000	104.16666666666667
1445281620000	88.5
1445281680000	71.5
1445281740000	55
1445281800000	53.166666666666664
1445281860000	63.5
1445281920000	78.8
1445281980000	93.16666666666666
1445282040000	100.5
1445282100000	101.83333333333334
1445282160000	102.16666666666666
1445282220000	102.5
1445282280000	102.16666666666666
1445282340000	102
1445282400000	101.66666666666667
1445282460000	98.66666666666667
1445282520000	96
1445282580000	98.16666666666667
1445282640000	99.16666666666667
1445282700000	100.66666666666667
1445282760000	100.66666666666666
1445282820000	101.16666666666666
1445282880000	96.5
1445282940000	88.66666666666666
1445283000000	81.33333333333333
1445283060000	79.4
1445283120000	73.5
1445283180000	66.83333333333333
1445283240000	61.66666666666667
1445283300000	56.833333333333336
1445283360000	53
1445283420000	53
1445283480000	53
1445283540000	53
1445283600000	53
1445283660000	55.599999999999994
1445283720000	65
1445283780000	76
1445283840000	85.16666666666666
1445283900000	95.83333333333333
1445283960000	100.33333333333333
1445284020000	101.16666666666667
1445284080000	102.5
1445284140000	103.66666666666666
1445284200000	104
1445284260000	103.83333333333333
1445284320000	103.33333333333334
1445284380000	104.16666666666667
1445284440000	105.66666666666667
1445284500000	107.16666666666667
1445284560000	109
1445284620000	110.66666666666667
1445284680000	115.33333333333334
1445284740000	121
1445284800000	123.39999999999999
1445284860000	124
1445284920000	124.5
1445284980000	122.66666666666667
1445285040000	118.83333333333333
1445285100000	114.83333333333333
1445285160000	108.33333333333333
1445285220000	104.33333333333333
1445285280000	104.5
1445285340000	102.4
1445285400000	101
1445285460000	101
1445285520000	101.83333333333334
1445285580000	103.83333333333333
1445285640000	106.16666666666666
1445285700000	107.83333333333333
1445285760000	107.5
1445285820000	108
1445285880000	109
1445285940000	109.5
1445286000000	111.83333333333333
1445286060000	115.16666666666666
1445286120000	116
1445286180000	115.5
1445286240000	116
1445286300000	113.16666666666667
1445286360000	110
1445286420000	102.8
1445286480000	95.66666666666666
1445286540000	91.50000000000001
1445286600000	90.66666666666667
1445286660000	84.33333333333331
1445286720000	75.83333333333333
1445286780000	71.33333333333333
1445286840000	66.16666666666667
1445286900000	62.666666666666664
1445286960000	63.33333333333333
1445287020000	64.6
1445287080000	67.16666666666666
1445287140000	71.16666666666667
1445287200000	75.83333333333333
1445287260000	84
1445287320000	93.33333333333333
1445287380000	100
1445287440000	102.83333333333333
1445287500000	104
1445287560000	104
1445287620000	104.5
1445287680000	104.33333333333333
1445287740000	102.33333333333333
1445287800000	102.66666666666666
1445287860000	104.16666666666667
1445287920000	104.66666666666666
1445287980000	104.16666666666667
1445288040000	103.16666666666667
1445288100000	103.83333333333333
1445288160000	107.6
1445288220000	113.5
1445288280000	116.5
1445288340000	116.5
1445288400000	117.5
1445288460000	120
1445288520000	125
1445288580000	127.83333333333333
1445288640000	130.16666666666666
1445288700000	130.79999999999998
1445288760000	122
1445288820000	102.33333333333333
1445288880000	84
1445288940000	50.5
1445289000000	49.83333333333333
1445289060000	60.5
1445289120000	76.33333333333333
1445289180000	91.33333333333333
1445289240000	97
1445289300000	98.16666666666667
1445289360000	99
1445289420000	99.83333333333334
1445289480000	101.5
1445289540000	104
1445289600000	106
1445289660000	106
1445289720000	106.33333333333333
1445289780000	108.66666666666666
1445289840000	111
1445289900000	110.83333333333333
1445289960000	108.16666666666666
1445290020000	102.33333333333333
1445290080000	92.66666666666667
1445290140000	83.33333333333333
1445290200000	77.16666666666667
1445290260000	74
1445290320000	68.66666666666666
1445290380000	62.8
1445290440000	57.833333333333336
1445290500000	53.833333333333336
1445290560000	49.16666666666667
1445290620000	50
1445290680000	50
1445290740000	50
1445290800000	50
1445290860000	52.333333333333336
1445290920000	61.6
1445290980000	71
1445291040000	81.16666666666667
1445291100000	92.50000000000001
1445291160000	98
1445291220000	98.49999999999999
1445291280000	100
1445291340000	100.66666666666667
1445291400000	101.16666666666666
1445291460000	101
1445291520000	101
1445291580000	100.83333333333333
1445291640000	103.16666666666666
1445291700000	104
1445291760000	103.83333333333334
1445291820000	100.5
1445291880000	97.33333333333334
1445291940000	96
1445292000000	94.49999999999999
1445292060000	94.2
1445292120000	90.16666666666667
1445292180000	88.66666666666666
1445292240000	89
1445292300000	89
1445292360000	89
1445292420000	89.83333333333334
1445292480000	92.00000000000001
1445292540000	92.33333333333333
1445292600000	93.5
1445292660000	95.60000000000001
1445292720000	96
1445292780000	97.16666666666666
1445292840000	99.5
1445292900000	101
1445292960000	102
1445293020000	102
1445293080000	102
1445293140000	102.66666666666667
1445293200000	103.6
1445293260000	104.83333333333333
1445293320000	105.83333333333334
1445293380000	106
1445293440000	106.16666666666667
1445293500000	105.16666666666666
1445293560000	99.49999999999999
1445293620000	89.66666666666666
1445293680000	85.5
1445293740000	83
1445293800000	81.33333333333334
1445293860000	75
1445293920000	69.66666666666667
1445293980000	63.833333333333336
1445294040000	58.5
1445294100000	56.16666666666667
1445294160000	56.333333333333336
1445294220000	58.5
1445294280000	62.166666666666664
1445294340000	65.60000000000001
1445294400000	70
1445294460000	78.5
1445294520000	87.66666666666666
1445294580000	96.16666666666667
1445294640000	98
1445294700000	99.16666666666667
1445294760000	99.33333333333334
1445294820000	99.83333333333334
1445294880000	99.6
1445294940000	99.33333333333333
1445295000000	100.66666666666667
1445295060000	102
1445295120000	103
1445295180000	103.33333333333334
1445295240000	103.33333333333334
1445295300000	103
1445295360000	103.5
1445295420000	103
1445295480000	101.66666666666666
1445295540000	101.5
1445295600000	103.83333333333333
1445295660000	104.33333333333333
1445295720000	104
1445295780000	104
1445295840000	104
1445295900000	104.16666666666667
1445295960000	95
1445296020000	75.16666666666667
1445296080000	64.5
1445296140000	48
1445296200000	48.833333333333336
1445296260000	59.666666666666664
1445296320000	74.33333333333334
1445296380000	89.5
1445296440000	96.33333333333333
1445296500000	97.19999999999999
1445296560000	97.16666666666666
1445296620000	97.83333333333334
1445296680000	97.66666666666666
1445296740000	98.33333333333333
1445296800000	98
1445296860000	97.16666666666666
1445296920000	92.83333333333334
1445296980000	95.83333333333334
1445297040000	97.80000000000001
1445297100000	98
1445297160000	97.83333333333334
1445297220000	98
1445297280000	95.5
1445297340000	88.66666666666666
1445297400000	81.16666666666667
1445297460000	78.33333333333333
1445297520000	73.33333333333333
1445297580000	66.66666666666667
1445297640000	61
1445297700000	58.166666666666664
1445297760000	50.5
1445297820000	48
1445297880000	48
1445297940000	48
1445298000000	48.33333333333333
1445298060000	51.666666666666664
1445298120000	61
1445298180000	70.6
1445298240000	81.33333333333333
1445298300000	92
1445298360000	96.83333333333334
1445298420000	97.83333333333333
1445298480000	99
1445298540000	99
1445298600000	99.33333333333334
1445298660000	101.5
1445298720000	103.33333333333333
1445298780000	103.8
1445298840000	105.16666666666667
1445298900000	106
1445298960000	106.33333333333334
1445299020000	106
1445299080000	106.33333333333334
1445299140000	104.33333333333334
1445299200000	102.5
1445299260000	101.83333333333334
1445299320000	102
1445299380000	101
1445299440000	99.66666666666667
1445299500000	100
1445299560000	98.83333333333333
1445299620000	98
1445299680000	98.66666666666667
1445299740000	98.83333333333334
1445299800000	99.16666666666667
1445299860000	101.19999999999999
1445299920000	102.33333333333333
1445299980000	102.66666666666667
1445300040000	102.83333333333334
1445300100000	103
1445300160000	103
1445300220000	102.66666666666667
1445300280000	100.16666666666666
1445300340000	96.33333333333333
1445300400000	96.66666666666667
1445300460000	96.80000000000001
1445300520000	97
1445300580000	97.83333333333334
1445300640000	98
1445300700000	98
1445300760000	98
1445300820000	91.66666666666667
1445300880000	85.16666666666667
1445300940000	85
1445301000000	82.6
1445301060000	74.5
1445301120000	67.83333333333334
1445301180000	62.83333333333333
1445301240000	58.16666666666667
1445301300000	54.166666666666664
1445301360000	54
1445301420000	56.666666666666664
1445301480000	60.33333333333333
1445301540000	63.4
1445301600000	68.83333333333334
1445301660000	77.5
1445301720000	87
1445301780000	94.33333333333333
1445301840000	96.66666666666667
1445301900000	97
1445301960000	96.83333333333333
1445302020000	96.83333333333334
1445302080000	96.5
1445302140000	96.2
1445302200000	96.33333333333333
1445302260000	97.66666666666667
1445302320000	99.66666666666667
1445302380000	100.83333333333333
1445302440000	102
1445302500000	102.33333333333333
1445302560000	102.5
1445302620000	103
1445302680000	103
1445302740000	100.83333333333333
1445302800000	101
1445302860000	101.16666666666666
1445302920000	100.83333333333334
1445302980000	98.99999999999999
1445303040000	98
1445303100000	96.83333333333333
1445303160000	91.49999999999999
1445303220000	76
1445303280000	59.66666666666667
1445303340000	47.333333333333336
1445303400000	47.166666666666664
1445303460000	55.666666666666664
1445303520000	71.83333333333333
1445303580000	86.33333333333333
1445303640000	93.83333333333334
1445303700000	94.83333333333333
1445303760000	95
1445303820000	95
1445303880000	95.33333333333333
1445303940000	96
1445304000000	96.83333333333334
1445304060000	95.16666666666666
1445304120000	90.5
1445304180000	92.5
1445304240000	95.5
1445304300000	97.5
1445304360000	97.80000000000001
1445304420000	98.49999999999999
1445304480000	94.66666666666667
1445304540000	87.16666666666667
1445304600000	80.66666666666666
1445304660000	72.83333333333333
1445304720000	69.33333333333333
1445304780000	64.66666666666666
1445304840000	58.666666666666664
1445304900000	55.400000000000006
1445304960000	47.83333333333333
1445305020000	46
1445305080000	46
1445305140000	46
1445305200000	46.5
1445305260000	49
1445305320000	58.16666666666667
1445305380000	68
1445305440000	78.5
1445305500000	90.2
1445305560000	95.33333333333333
1445305620000	96
1445305680000	96.33333333333334
1445305740000	96.83333333333334
1445305800000	97
1445305860000	97.33333333333334
1445305920000	97.33333333333334
1445305980000	97.33333333333334
1445306040000	97.33333333333331
1445306100000	98
1445306160000	98
1445306220000	98
1445306280000	98
1445306340000	97.66666666666669
1445306400000	97.83333333333334
1445306460000	99.5
1445306520000	102.16666666666666
1445306580000	103
1445306640000	103.4
1445306700000	104
1445306760000	105
1445306820000	104.66666666666667
1445306880000	103.5
1445306940000	101
1445307000000	99.33333333333334
1445307060000	98
1445307120000	98
1445307180000	98
1445307240000	98
1445307300000	98.33333333333333
1445307360000	99.66666666666667
1445307420000	99.83333333333334
1445307480000	100
1445307540000	100
1445307600000	100.5
1445307660000	100
1445307720000	100.5
1445307780000	100.2
1445307840000	100
1445307900000	100.16666666666667
1445307960000	97.83333333333333
1445308020000	90.16666666666667
1445308080000	80
1445308140000	78.5
1445308200000	74.5
1445308260000	68.83333333333334
1445308320000	63.2
1445308380000	57.166666666666664
1445308440000	52
1445308500000	49
1445308560000	49.66666666666667
1445308620000	52.666666666666664
1445308680000	57.5
1445308740000	62
1445308800000	67.83333333333333
1445308860000	75.8
1445308920000	84.50000000000001
1445308980000	92.33333333333333
1445309040000	94.33333333333333
1445309100000	94.33333333333333
1445309160000	96.00000000000001
1445309220000	97
1445309280000	98
1445309340000	98.33333333333333
1445309400000	99
1445309460000	101.4
1445309520000	103.33333333333333
1445309580000	104
1445309640000	103.83333333333334
1445309700000	103
1445309760000	103
1445309820000	103.16666666666667
1445309880000	101.33333333333333
1445309940000	101
1445310000000	96.4
1445310060000	98.33333333333334
1445310120000	100
1445310180000	100
1445310240000	100
1445310300000	99.33333333333333
1445310360000	95.5
1445310420000	86.16666666666667
1445310480000	68.66666666666666
1445310540000	46.4
1445310600000	45.166666666666664
1445310660000	53.666666666666664
1445310720000	68.16666666666667
1445310780000	83.16666666666667
1445310840000	92.33333333333333
1445310900000	92.83333333333334
1445310960000	93
1445311020000	93
1445311080000	93
1445311140000	93.16666666666666
1445311200000	93
1445311260000	92.66666666666667
1445311320000	92.16666666666667
1445311380000	89.16666666666667
1445311440000	89.33333333333334
1445311500000	92.5
1445311560000	94.16666666666666
1445311620000	95
1445311680000	95.66666666666667
1445311740000	96.16666666666667
1445311800000	92.8
1445311860000	86.66666666666667
1445311920000	79.66666666666667
1445311980000	74.16666666666666
1445312040000	73.5
1445312100000	70.66666666666666
1445312160000	63.83333333333334
1445312220000	53
1445312280000	46
1445312340000	46
1445312400000	46
1445312460000	48.2
1445312520000	57
1445312580000	66.83333333333333
1445312640000	77.33333333333333
1445312700000	89.50000000000001
1445312760000	94.16666666666666
1445312820000	94.66666666666666
1445312880000	95
1445312940000	95.16666666666666
1445313000000	94.66666666666667
1445313060000	94
1445313120000	94
1445313180000	93.5
1445313240000	93
1445313300000	93
1445313360000	93.16666666666666
1445313420000	93
1445313480000	93.83333333333334
1445313540000	94
1445313600000	94.83333333333334
1445313660000	89.8
1445313720000	80.99999999999999
1445313780000	64.33333333333333
1445313840000	49.5
1445313900000	44
1445313960000	44
1445314020000	44
1445314080000	44
1445314140000	44
